0 127.71500961571381 1 63.857504807856905 4 1247.2745190036367 1
1 29.76356833332575 1 14.881784166662875 4 155.46472687644564 1
2 39.411480724201176 1 19.705740362100588 4 102.05501657133709 1
3 41.315523899311451 1 20.657761949655725 4 238.74995031428261 1
4 29.767322389154408 1 14.883661194577204 4 195.91195441088712 1
5 51.110835270965715 1 25.555417635482858 4 437.0737356132845 1
6 41.854022794456021 1 20.927011397228011 4 221.90410344196505 1
7 46.225126525480746 1 23.112563262740373 4 326.27330335220358 1
8 48.935222167334594 1 24.467611083667297 4 782.70304065416713 1
9 486.15548666829255 1 243.07774333414628 5 9541.8865359466872 1
10 133.27408196240279 1 66.637040981201395 4 1998.2900720405305 1
11 78.410358354780669 1 39.205179177390335 4 1218.8652953472338 1
12 252.54682888202328 1 126.27341444101164 4 5011.0572378260258 1
13 29.459071723712825 1 14.729535861856412 4 25.663627087182249 1
14 246.12937530794667 1 123.06468765397334 4 3802.6321994250502 1
15 724.22582400249473 1 362.11291200124737 5 13238.542855645617 1
16 93.710324879467336 1 46.855162439733668 4 1057.6131609114236 1
17 41.063194298447335 1 20.531597149223668 4 336.02482788421366 1
18 132.21861267778397 1 66.109306338891983 4 1773.6304422387329 1
19 112.59727828998749 1 56.298639144993743 4 798.79177470427021 1
20 256.8283409297922 1 128.4141704648961 4 4661.5294647911651 1
21 523.76001893356829 1 261.88000946678414 5 14556.387673225559 1
22 660.18640685793537 1 330.09320342896768 4 7335.9513495596329 1
23 31.073123869307992 1 15.536561934653996 4 92.121410888787068 1
24 842.79450194005778 0 421.44693095788898 5 20308.669220596115 1
25 79.814538701118991 1 39.907269350559496 4 822.62418130460719 1
26 151.22441278651257 1 75.612206393256287 4 928.47619830527583 1
27 44.477621397297497 1 22.238810698648749 4 267.84239663484618 1
28 484.69915719277964 1 242.34957859638982 4 2664.5972545878085 1
29 93.137451833035016 1 46.568725916517508 4 1054.066976208007 1
30 226.90428550059829 1 113.45214275029915 5 6405.0392646316905 1
31 120.51323779428463 1 60.256618897142317 5 2757.7065336150699 1
32 200.04479624257328 1 100.02239812128664 4 2271.0236931639365 1
33 326.79321676041036 1 163.39660838020518 4 3071.2781132748059 1
34 226.13844094099085 0 113.13548332916088 5 4579.0115485354618 1
35 132.38574553395176 1 66.192872766975881 4 2700.3250970787194 1
36 135.69761107779419 1 67.848805538897096 4 1983.8370577996466 1
37 62.63745272115559 1 31.318726360577795 4 831.31025762917125 1
38 130.38268038176557 1 65.191340190882784 4 1741.4736307520252 1
39 22.985911150607965 1 11.492955575303982 4 213.86812328727956 1
40 17.311979399342434 1 8.6559896996712169 4 117.76680292642686 1
41 37.622422842793519 1 18.811211421396759 4 38.114570571349759 1
42 314.20813285300017 1 157.10406642650008 4 4073.1141055569169 1
43 239.58894298362429 1 119.79447149181215 4 4325.710565889749 1
44 7.6535101042879319 1 3.8267550521439659 4 8.9402984050775558 1
45 63.645961390794483 1 31.822980695397241 4 804.46366820226831 1
46 87.081949769236871 1 43.540974884618436 4 588.05464594744262 1
47 273.43942088743484 1 136.71971044371742 4 4168.6932749679527 1
48 556.46610438680807 1 278.23305219340403 4 5808.4055633075259 1
49 223.78871026568569 1 111.89435513284285 4 2950.3950217727397 1
50 800.07676364442034 0 400.07205072801133 4 19688.794905974559 0
51 688.5490070811702 1 344.2745035405851 4 10868.525063756955 1
52 455.39463167120141 1 227.6973158356007 4 5951.4315826516358 1
53 324.59321321351968 0 162.32300745692251 3 5514.5119525612972 1
54 113.18228381427166 1 56.591141907135828 4 1934.440602211791 1
55 672.83217337766075 1 336.41608668883038 4 7053.1277394828903 1
56 210.30828690044208 1 105.15414345022104 4 2868.9246745932323 1
57 68.289884436450905 1 34.144942218225452 4 583.61411756412417 1
58 100.34955369179336 1 50.17477684589668 4 1383.5420204998081 1
59 489.20003288619785 1 244.60001644309892 4 6221.8870086293027 1
60 254.6178768186027 1 127.30893840930135 4 4939.5041246981709 1
61 73.31062106611995 1 36.655310533059975 4 769.28445737806032 1
62 218.24057612127785 1 109.12028806063893 4 3305.9271789826889 1
63 157.73525515766497 1 78.867627578832483 4 2201.8625947856417 1
64 29.627710445027184 1 14.813855222513592 4 187.46047930982365 1
65 94.754561291336969 1 47.377280645668485 4 905.57235333826247 1
66 271.21819646438814 1 135.60909823219407 4 4100.0172292864008 1
67 382.45715113891566 1 191.22857556945783 4 5392.8754247315665 1
68 74.956731596736105 1 37.478365798368053 4 951.75787606018184 1
69 366.54311985869742 1 183.27155992934871 4 5122.5068402425895 1
70 23.966231508888608 1 11.983115754444304 4 155.37327505730968 1
71 16.698320036794733 1 8.3491600183973667 4 100.78749280984266 1
72 884.02423676919284 0 442.01784221365602 3 13244.453987211644 0
73 56.429247671006436 1 28.214623835503218 4 511.36049319892481 1
74 135.49323077877352 1 67.746615389386761 3 229.96685943863122 0
75 87.535519255738748 1 43.767759627869374 4 931.15947008038165 1
76 55.662793857065545 1 27.831396928532772 4 629.75185316966963 1
77 165.72230102594571 1 82.861150512972856 4 2327.4838026894286 1
78 411.12665764795037 1 205.56332882397518 4 6183.4274518576349 1
79 53.338988025388296 1 26.669494012694148 3 39.781936195809976 0
80 60.114400371499606 1 30.057200185749803 4 719.86181849236164 1
81 22.756169578087064 1 11.378084789043532 4 195.74794992092646 1
82 946.84842783590091 1 473.42421391795045 5 12222.15936590932 1
83 102.49644749934872 1 51.248223749674359 4 1199.4676027177775 1
84 22.621775207535954 1 11.310887603767977 4 159.75734782929794 1
85 53.17213860722935 1 26.586069303614675 4 544.61294001793976 1
86 87.720077986194624 1 43.860038993097312 4 1143.0296554010929 1
87 600.59879124826853 1 300.29939562413426 5 16415.35183520212 1
88 17.129220174848225 1 8.5646100874241125 4 83.594093898251685 1
89 203.21887743547109 1 101.60943871773554 4 3508.7125044716959 1
90 89.586764261602326 1 44.793382130801163 4 370.26482612344262 1
91 896.26802709156686 1 448.13401354578343 5 16774.408900502873 1
92 207.38737410914283 1 103.69368705457141 4 1293.5878193372919 1
93 597.24978675073817 1 298.62489337536908 5 9984.4867228957919 1
94 161.17543347240584 1 80.587716736202921 4 2965.3584195235744 1
95 95.727785798801946 1 47.863892899400973 4 1102.7313951465749 1
96 27.512020584828189 1 13.756010292414095 4 203.68141739181124 1
97 12.004336274058828 1 6.0021681370294138 4 13.819437946287508 1
98 1045.4825968282355 1 522.74129841411775 4 16661.712761929528 0
99 64.21201120625355 1 32.106005603126775 4 891.76413836204301 1
100 199.22674928484702 1 99.613374642423508 4 2893.9849267886493 1
101 206.68250634488334 1 103.34125317244167 4 4005.7516020782641 1
102 750.73337472341882 1 375.36668736170941 3 2993.0615281106802 0
103 410.11053923120443 1 205.05526961560221 4 6464.2239315961197 1
104 308.37159648106416 1 154.18579824053208 4 5633.9907982219302 1
105 252.18409226213186 1 126.09204613106593 4 4128.2521493658278 1
106 33.474991119054877 1 16.737495559527439 4 371.72341689733366 1
107 18.215026743615088 1 9.1075133718075438 4 48.382962052044604 1
108 327.77908760095448 1 163.88954380047724 5 8148.8095653468336 1
109 323.05049793558055 1 161.52524896779028 4 6223.8448471784359 1
110 336.83950139717172 1 168.41975069858586 4 5317.4739984970947 1
111 174.06309661855269 1 87.031548309276346 4 1981.6582442820727 1
112 110.04015716704957 1 55.020078583524786 4 1273.8584365650313 1
113 54.057295345583313 1 27.028647672791656 4 561.9574601190543 1
114 284.17534734865029 1 142.08767367432515 4 5568.8113332650391 1
115 24.907827353198766 1 12.453913676599383 4 105.83627906271067 1
116 684.70287318458963 0 342.3922319190462 5 16059.65628662071 1
117 627.06913157368683 0 313.53850292254367 3 11781.219239695842 0
118 1237.522689677221 1 618.76134483861051 4 23072.78069093838 0
119 360.35638669754201 1 180.178193348771 5 7273.7307196101174 1
120 774.38128314931657 1 387.19064157465829 5 11417.014623017702 1
121 291.73895632598305 1 145.86947816299153 5 5427.9121144920064 1
122 69.02512682976031 1 34.512563414880155 4 834.33982509073394 1
123 514.03694515503298 0 257.09392923065968 5 14293.401426267941 1
124 118.19637683217697 1 59.098188416088483 4 1837.2521916036058 1
125 219.47571416479198 1 109.73785708239599 4 1313.4376963852701 1
126 1017.1288211879373 0 508.5760277777818 5 23295.862266318345 0
127 78.335703403938865 1 39.167851701969433 4 825.61040495366615 1
128 287.33918854405624 1 143.66959427202812 4 5550.0952404164709 1
129 163.2474735104376 1 81.6237367552188 4 2842.7846990706748 1
130 443.06859860987083 1 221.53429930493542 4 2572.6707052689217 1
131 82.03737350678378 1 41.01868675339189 4 888.99670161074755 1
132 540.63694443816257 1 270.31847221908129 4 8311.3654663242633 1
133 80.102672884087042 1 40.051336442043521 4 1313.2611874598806 1
134 287.07955433420159 1 143.53977716710079 4 4006.8702413567225 1
135 205.81086620097284 1 102.90543310048642 4 3963.6690278676106 1
136 37.576496829165585 1 18.788248414582792 4 485.54223533170443 1
137 136.31810094890824 1 68.159050474454119 4 2088.8786823566334 1
138 40.533153347115153 1 20.266576673557577 4 374.95726194929739 1
139 129.00535939593993 1 64.502679697969967 4 1725.5704825485227 1
140 1273.9371394646068 1 636.96856973230342 4 17096.815900643713 0
141 39.526336512837702 1 19.763168256418851 4 260.23770823795712 1
142 204.38598073077185 1 102.19299036538592 4 2688.163080112543 1
143 67.633044104818097 1 33.816522052409049 4 696.99151003707811 1
144 57.634441816567566 1 28.817220908283783 4 864.33963543798018 1
145 375.05734903553429 1 187.52867451776714 5 10302.360278928827 1
146 281.47273936489029 1 140.73636968244514 4 3640.2632643864999 1
147 93.088240019721795 1 46.544120009860897 4 1389.7244109842286 1
148 103.55088094532526 1 51.77544047266263 4 1234.5651022033562 1
149 25.4133583217791 1 12.70667916088955 4 279.58080821730255 1
150 99.884001852133252 1 49.942000926066626 4 1182.6054855201146 1
151 159.57420692746365 1 79.787103463731825 4 3063.5569508771769 1
152 91.113699707827308 1 45.556849853913654 4 1476.7160471938259 1
153 943.40273482673979 1 471.70136741336989 5 12182.662844984981 1
154 927.09576733683241 1 463.5478836684162 5 15798.701427098502 1
155 192.76534274446473 1 96.382671372232366 4 2738.2630225313187 1
156 82.82811769658592 1 41.41405884829296 4 1138.7486765632057 1
157 527.25050133680077 1 263.62525066840038 4 8868.253177635459 1
158 96.464519658289916 1 48.232259829144958 4 917.7096682854899 1
159 140.42665289490719 1 70.213326447453596 4 1401.1562225994567 1
160 19.359633095196017 1 9.6798165475980085 4 93.099120179978399 1
161 33.397280586713485 1 16.698640293356743 4 234.34307137980431 1
162 624.65030523294149 1 312.32515261647075 5 10900.269333250617 1
163 60.113490194013067 1 30.056745097006534 4 1007.094266961838 1
164 173.72918740420099 1 86.864593702100493 4 2885.1304755583405 1
165 304.78863620953877 1 152.39431810476938 4 4474.9413296326566 1
166 89.213224269708789 1 44.606612134854394 4 982.23738843252067 1
167 105.90700354613705 1 52.953501773068524 4 1257.7556071247964 1
168 103.52737626730924 1 51.763688133654618 4 1025.8626956029329 1
169 17.104566845538312 1 8.5522834227691558 4 90.286683814720163 1
170 68.669581517905954 1 34.334790758952977 4 965.08124460825638 1
171 142.34312091797611 1 71.171560458988054 4 2150.0509040397592 1
172 42.338802567166006 1 21.169401283583003 4 376.82671985287016 1
173 246.33148066154791 1 123.16574033077396 4 3174.462314524113 1
174 46.200086589950331 1 23.100043294975166 4 607.22129097572179 1
175 193.86365601855513 1 96.931828009277567 4 2418.7961552612251 1
176 86.705599952596273 1 43.352799976298137 4 1187.8674988376879 1
177 415.93877915683112 1 207.96938957841556 4 7010.3761321478669 1
178 270.44212508092767 1 135.22106254046383 4 2475.916046444705 1
179 45.547068967497133 1 22.773534483748566 4 476.61162423879068 1
180 62.198098933983253 1 31.099049466991627 4 834.85925538735319 1
181 98.300137088677559 1 49.150068544338779 4 1283.4467881773016 1
182 366.1956658864047 1 183.09783294320235 4 4342.503126560845 1
183 568.42856993146677 0 284.23163935656027 6 10854.594162015346 1
184 1038.895185949475 1 519.44759297473752 4 6470.9536588683404 0
185 450.74393873128213 1 225.37196936564106 4 2816.3492482790607 1
186 298.02329849185287 1 149.01164924592644 4 3510.2202348948776 1
187 18.606483706100466 1 9.303241853050233 4 131.47867082116136 1
188 55.317168147501917 1 27.658584073750959 4 541.45505479011626 1
189 912.37947209298147 1 456.18973604649074 4 15505.718198722534 0
190 359.7462167455472 1 179.8731083727736 4 2124.1243687312199 1
191 170.3338498994722 1 85.166924949736099 4 2839.7874595519679 1
192 19.755839925014314 1 9.877919962507157 4 137.59068614013813 1
193 305.5660189352032 1 152.7830094676016 4 4570.2153617247968 1
194 49.379006550396646 1 24.689503275198323 4 558.89593166048871 1
195 102.7633262872225 1 51.381663143611249 4 775.16093300507055 1
196 62.274717197176379 1 31.13735859858819 4 974.65181111341735 1
197 91.171256233991357 1 45.585628116995679 4 1024.5500618060978 1
198 653.40815469874576 1 326.70407734937288 5 12433.027204314501 1
199 141.12350004327484 1 70.561750021637422 4 2457.8360698431497 1
200 93.68938337322092 1 46.84469168661046 4 994.19178908549657 1
201 65.036601651085789 1 32.518300825542894 4 955.95992631510308 1
202 94.668217282477713 1 47.334108641238856 4 1318.8941586662841 1
203 195.98653986162958 1 97.99326993081479 5 3895.2764759901911 1
204 798.8660442199365 1 399.43302210996825 5 14930.499533884082 1
205 866.58734949894858 1 433.29367474947429 5 20311.080398031758 1
206 205.19659602048552 1 102.59829801024276 4 2636.997576356458 1
207 84.003023876373305 1 42.001511938186653 4 1023.3469431808771 1
208 14.650312658343838 1 7.3251563291719188 4 91.945683789323084 1
209 258.60428307891385 1 129.30214153945693 4 3295.7207788567939 1
210 484.35959813410955 1 242.17979906705477 4 6841.3200952289799 1
211 687.49796600320906 1 343.74898300160453 4 8019.4311736877135 1
212 59.659378422441804 1 29.829689211220902 4 614.51578657791106 1
213 213.04731038351846 1 106.52365519175923 4 3206.4206508058051 1
214 37.118981032798231 1 18.559490516399116 4 491.41171285157498 1
215 326.55124207629638 1 163.27562103814819 4 5743.0624641877803 1
216 71.378800405772822 1 35.689400202886411 4 754.43744657404022 1
217 520.82926103330271 0 260.48643947427286 5 13783.86186633649 1
218 22.443559910492834 1 11.221779955246417 3 73.8462476428831 1
219 79.284981049988261 1 39.64249052499413 4 918.81439745446187 1
220 120.71196200768887 1 60.355981003844434 4 945.83329150403733 1
221 89.424324514025713 1 44.712162257012857 4 1273.9431260726706 1
222 105.04096056537297 1 52.520480282686485 4 1614.8418067412276 1
223 82.979522207065727 1 41.489761103532864 4 1102.5045916013842 1
224 762.43618321078236 0 381.25009920075837 4 14178.157738952992 0
225 42.02876905465137 1 21.014384527325685 4 476.82675161625411 1
226 383.95081034864995 1 191.97540517432498 5 7359.2653801643173 1
227 144.34219108226478 1 72.171095541132388 4 1716.9223667707774 1
228 113.7047260636877 1 56.852363031843851 4 1765.3398712570342 1
229 14.611012331578973 1 7.3055061657894864 4 63.158560433858838 1
230 228.58287951938109 1 114.29143975969055 4 3716.669064571397 1
231 18.342932628357453 1 9.1714663141787263 4 58.309382305467807 1
232 40.612712475400556 1 20.306356237700278 4 291.69464836321322 1
233 95.799245290713699 1 47.89962264535685 4 1056.6046436192628 1
234 460.39536623422833 1 230.19768311711417 4 4992.3191832476004 1
235 263.19405221361347 1 131.59702610680674 4 4459.82349113292 1
236 66.512525361544476 1 33.256262680772238 4 662.93046255636 1
237 24.016493491922812 1 12.008246745961406 4 85.472789369960083 1
238 387.35102954336264 1 193.67551477168132 4 6498.0923738906058 1
239 265.62660391939738 1 132.81330195969869 4 5782.9380839151272 1
240 44.853250106415778 1 22.426625053207889 4 225.76257063181765 1
241 40.557814029329151 1 20.278907014664576 4 304.1159080229354 1
242 97.225306440765337 1 48.612653220382668 4 1167.072591747954 1
243 141.92415866170745 1 70.962079330853726 4 2163.8550527873958 1
244 62.12509309835901 1 31.062546549179505 4 746.10985955555952 1
245 70.270895310035172 1 35.135447655017586 4 906.46963683709328 1
246 154.69773553467178 1 77.348867767335889 4 1483.3288678063545 1
247 87.45118201137889 1 43.725591005689445 4 1348.0045565301843 1
248 700.93661036623655 1 350.46830518311828 4 9691.4887791976798 1
249 1007.3282451032992 1 503.6641225516496 4 23022.230590846026 0
250 501.38484620882292 1 250.69242310441146 5 10441.424792017671 1
251 509.79747015808397 1 254.89873507904198 4 7474.0985804755182 1
252 203.42415296168224 1 101.71207648084112 4 3351.3092148118885 1
253 57.899890495573885 1 28.949945247786943 4 423.81895293131674 1
254 22.914147448220739 1 11.457073724110369 4 180.2967629951454 1
255 24.811695351885458 1 12.405847675942729 4 156.12872800848339 1
256 31.005883342065658 1 15.502941671032829 4 297.18521752502238 1
257 126.49716924011416 1 63.24858462005708 4 1041.4409864254558 1
258 179.63327078312838 1 89.816635391564191 4 2636.0300335481079 1
259 35.596626521549013 1 17.798313260774506 4 269.36133989198106 1
260 193.73758458428611 1 96.868792292143056 4 1804.550147284348 1
261 96.962440745964869 1 48.481220372982435 4 545.77548412420083 1
262 75.49405214933239 1 37.747026074666195 4 506.21553582807064 1
263 206.12044870260561 1 103.06022435130281 4 3406.8656203002902 1
264 353.4304368165092 1 176.7152184082546 4 5916.5318785074633 1
265 57.049137751168104 1 28.524568875584052 4 673.53935679817369 1
266 39.398528167118435 1 19.699264083559218 4 427.11827364607416 1
267 345.34676131948049 1 172.67338065974025 4 3241.6483626433765 1
268 178.53137631562157 1 89.265688157810786 4 2883.2803062226012 1
269 351.06505215105727 1 175.53252607552864 5 9006.0942476661003 1
270 889.65545210196626 1 444.82772605098313 5 18143.065844716053 1
271 229.70008897609975 1 114.85004448804987 4 1527.4257218635757 1
272 69.718650523657516 1 34.859325261828758 4 737.97848791486467 1
273 37.882294250947787 1 18.941147125473893 4 342.31488959172566 1
274 358.7639894811789 1 179.38199474058945 5 7771.4259543017251 1
275 103.24681655357332 1 51.623408276786662 4 1444.1702475356869 1
276 62.379243156916154 1 31.189621578458077 4 705.96527682954365 1
277 322.50361473183068 1 161.25180736591534 5 6518.61224942634 1
278 58.159615052056182 1 29.079807526028091 4 913.4864362326116 1
279 238.0763536820545 1 119.03817684102725 4 4545.8529664809466 1
280 176.40660707808311 1 88.203303539041556 4 2925.8196192016767 1
281 64.754235098585838 1 32.377117549292919 4 533.33019034634526 1
282 120.58703204611039 1 60.293516023055197 4 1387.3831613050716 1
283 44.872405390714228 1 22.436202695357114 4 498.07350263674016 1
284 93.632834232725585 1 46.816417116362793 4 1845.2696527240332 1
285 84.573244963913723 1 42.286622481956861 4 1243.728345476251 1
286 64.789139901125694 1 32.394569950562847 4 679.56233687404892 1
287 144.79938537825706 1 72.399692689128528 5 3336.606619851751 1
288 357.93696637104449 1 178.96848318552225 4 2591.8691526246366 1
289 18.210258069577058 1 9.1051290347885292 4 55.296372678805398 1
290 44.957900839139917 1 22.478950419569959 4 467.12748087296586 1
291 166.01149017917442 1 83.005745089587208 4 2804.4340821752849 1
292 360.81595738086162 1 180.40797869043081 4 5185.331252938493 1
293 438.42045412919759 1 219.2102270645988 4 4876.0827793795761 1
294 186.77099692243684 1 93.385498461218418 4 1976.3832648297248 1
295 73.092567406124758 1 36.546283703062379 4 923.62465944592259 1
296 1067.6476031368209 1 533.82380156841043 5 15589.058172195328 1
297 669.87034280517253 1 334.93517140258626 4 10286.625972153153 1
298 128.9844701186243 1 64.492235059312151 4 1364.1604913214069 1
299 313.95289148460563 1 156.97644574230281 4 4444.2959123991759 1
300 192.04846863468106 1 96.024234317340529 4 1619.7100313626725 1
301 57.923549608623325 1 28.961774804311663 4 686.56106937232653 1
302 260.48796666466046 1 130.24398333233023 4 2969.5712639437697 1
303 229.88760278686772 1 114.94380139343386 4 3545.9295127742807 1
304 292.18991379612055 1 146.09495689806027 4 4539.7075290769426 1
305 39.997661629963275 1 19.998830814981638 4 313.17110439975659 1
306 13.0305844084171 1 6.5152922042085502 4 69.903927153949184 1
307 493.65535329878492 1 246.82767664939246 4 7639.0994644206803 1
308 120.24511815711065 1 60.122559078555327 4 1056.5024163432463 1
309 55.795772600608004 1 27.897886300304002 4 274.34666975759683 1
310 91.554277688882735 1 45.777138844441367 4 858.22048870725848 1
311 135.79269839425729 1 67.896349197128643 4 3024.1274287605629 1
312 235.5171559425217 1 117.75857797126085 4 3354.4649522435357 1
313 669.48414309398254 1 334.74207154699127 5 15680.318012993346 1
314 166.30085068597438 1 83.150425342987191 4 3146.5302460658422 1
315 577.77543181927422 1 288.88771590963711 4 9741.7850824143752 1
316 33.305945839493504 1 16.652972919746752 4 174.71026713994343 1
317 1349.6044079281985 1 674.80220396409925 4 24124.65395960115 0
318 112.61868847714447 1 56.309344238572237 4 1966.2791269904847 1
319 218.38409268885925 0 109.31109681360374 3 3822.6045450347883 1
320 119.15008425885058 1 59.575042129425292 4 1414.3828148178145 1
321 340.56103334516683 1 170.28051667258342 5 8821.6555648113717 1
322 615.16292624609741 1 307.58146312304871 5 13044.532893794094 1
323 116.40688373213578 1 58.203441866067891 4 1180.4139785671578 1
324 29.790098213319933 1 14.895049106659966 4 315.552300687973 1
325 130.84059732774477 1 65.420298663872387 4 1192.6037564623439 1
326 373.02364519612854 1 186.51182259806427 4 7508.126189382514 1
327 436.80307724589358 1 218.40153862294679 4 5991.5787293815083 1
328 350.05449507768634 1 175.02724753884317 4 3072.0045579430298 1
329 357.89741601270396 1 178.94870800635198 4 5335.4880203157954 1
330 50.317182008765108 1 25.158591004382554 4 164.450350948704 1
331 14.281113419969031 1 7.1405567099845157 4 73.165497686774415 1
332 51.584346066631788 1 25.792173033315894 4 490.57421302150033 1
333 52.255887965474344 1 26.127943982737172 4 571.90283847725368 1
334 284.66403630767553 1 142.33201815383777 4 4680.5585962424084 1
335 52.851669887197737 1 26.425834943598868 4 584.42710949451339 1
336 253.33146319801111 1 126.66573159900555 4 4642.5262391980214 1
337 147.18140149629937 1 73.590700748149686 4 2478.3541947855847 1
338 54.498745477565485 1 27.249372738782743 4 315.97649671098134 1
339 308.88768890076932 1 154.44384445038466 5 6785.8133672823315 1
340 734.1965754995872 0 367.10255696204536 5 13491.426790513109 1
341 467.96205552867059 1 233.98102776433529 5 11859.404914243583 1
342 636.4695261832311 1 318.23476309161555 5 11215.499422063975 1
343 165.07411678575485 1 82.537058392877427 4 2254.0160928918194 1
344 54.615784047784622 1 27.307892023892311 4 515.49445356939395 1
345 139.58241897636765 1 69.791209488183824 4 1850.8462778646644 1
346 109.84038885297251 1 54.920194426486255 4 1637.6544720752863 1
347 672.61874500234626 0 336.33716231106121 5 10538.596576441181 1
348 19.504144322724901 1 9.7520721613624506 4 121.3069754367134 1
349 398.87426149335238 1 199.43713074667619 5 6187.2719186750473 1
350 655.21522648322912 1 327.60761324161456 5 15765.532822402602 1
351 113.62338362231395 1 56.811691811156976 6 2626.3415926743764 1
352 621.25654414667724 1 310.62827207333862 4 8214.161626310568 1
353 103.06655847756329 1 51.533279238781645 4 829.64021017697223 1
354 42.746172459494183 1 21.373086229747091 4 308.31524901474768 1
355 50.597388986603676 1 25.298694493301838 4 335.56860965111991 1
356 96.521312106206068 1 48.260656053103034 4 879.80192291378626 1
357 219.11902367341148 1 109.55951183670574 4 2270.1694157268321 1
358 315.41370236786594 1 157.70685118393297 4 6160.6108438769152 1
359 287.00436883289308 1 143.50218441644654 4 4390.3918283888197 1
360 489.83769921788041 1 244.91884960894021 4 6519.6648022575246 1
361 446.29005695121765 1 223.14502847560883 5 10941.161949515779 1
362 163.77551279305914 1 81.887756396529568 3 1629.2587292130338 1
363 90.51996967738755 1 45.259984838693775 4 429.83664593742287 1
364 351.96834033050254 1 175.98417016525127 4 6488.8379200237105 1
365 175.63278919732045 1 87.816394598660224 4 3323.5217154840939 1
366 828.13141480684715 1 414.06570740342357 5 16544.96224517189 0
367 54.127493236376345 1 27.063746618188173 4 681.0922504246555 1
368 432.246080986886 1 216.123040493443 4 7422.7069169358583 1
369 1340.9679555959985 0 670.48426192229579 5 12261.655484015326 0
370 91.619980785168892 1 45.809990392584446 4 1537.8447486523655 1
371 195.50371027716301 1 97.751855138581504 4 1621.7918081641728 1
372 110.90165483108224 1 55.45082741554112 4 1786.7011743226176 1
373 1126.7565125772621 1 563.37825628863106 5 16031.809438330878 1
374 79.856229289674332 1 39.928114644837166 4 409.80539529273665 1
375 794.00126423470476 1 397.00063211735238 4 5882.6177877648879 1
376 1209.9804459554778 1 604.99022297773888 5 20308.13884126371 0
377 24.748843707556361 1 12.37442185377818 4 160.31496204876566 1
378 825.20368253611127 0 412.60197267576206 5 20083.47262759677 1
379 108.39025520213262 1 54.195127601066311 4 2111.8839604510576 1
380 411.14212464602241 1 205.5710623230112 4 7061.4440223557431 1
381 44.811414575024202 1 22.405707287512101 4 460.01070425145735 1
382 266.27781796330333 1 133.13890898165167 4 3674.4712894503791 1
383 187.93715203910588 1 93.968576019552941 4 3013.6837789177298 1
384 55.958502862753996 1 27.979251431376998 4 624.86749992724071 1
385 121.3055410799052 1 60.652770539952598 4 682.3100470930267 1
386 116.87449299169256 1 58.437246495846281 4 2015.8151188961638 1
387 260.64718800667208 1 130.32359400333604 4 4287.3640077743294 1
388 52.184205076892987 1 26.092102538446493 4 452.5038500090086 1
389 1047.7424464621611 1 523.87122323108053 4 10251.405942549995 1
390 102.80176547737638 1 51.400882738688189 4 1763.140147046377 1
391 304.39220755288176 1 152.19610377644088 4 2055.7594732435573 1
392 46.419148517914422 1 23.209574258957211 4 450.96704523803055 1
393 193.94738857935235 1 96.973694289676175 4 2439.2747764018277 1
394 30.932261612706693 1 15.466130806353346 4 231.37575974030642 1
395 280.08477453321638 1 140.04238726660819 4 4192.1765660372039 1
396 32.173297043327103 1 16.086648521663552 4 244.52303838610896 1
397 94.429876765210651 1 47.214938382605325 4 824.60969164629205 1
398 952.18457893694494 0 476.16632000291736 4 24094.404603326955 0
399 48.924410202203092 1 24.462205101101546 4 498.38620657447609 1
