2026
34.92076949185099
1
17.460384745865277
1
4
609.35863986461482
0.49999999999827555
0
1
1
0
400
0.95499999999999996
1
384
137.95025996263794
0.50054514258666138
80
93.316457063876655
47.128435528678345
0
80
46.188021535170066
0
46.188021535170066
40
800
690.90909090909088
48.274492441908762
88.94077083363517
0.21428571428571427
0.9285714285714286
93.854645462206321
370909.09090909082
800
1300
459.09090900000001
845.45454500000005
70
795
0
48.818338696642911
0.7857142857142857
46.434952228553485
93.689701699648296
0
700
795
700
1
0
45.000000000000007
138.63598017846985
44.625523113277168
48.285930870294976
0.9285714285714286
0
44.91768709560192
0
20
5
1800
1
