0 -256.85214905965108 111.93053257212364 -26.18527908521191 -103.59957831356157 -261.14879824262778 522.93284253587706 0.81028767335434781 -0.6452936163539027 91.409240260018265 109.9118629208986
1 122.22784214810557 -161.3577861155446 373.56976012991242 335.88012842982255 244.56744746037245 454.9177747423559 0.030307392644703501 0.65179051675113997 78.802240196911683 137.95233305384463
2 -41.29556367991745 -128.95003734899052 -177.68062759987276 -218.93355452527726 46.470318021447056 -124.35829076802341 0.32636124094519081 -0.97431903526638686 3.3212386125358466 21.901859657151778
3 -41.838478769023354 -107.85535909408691 -243.68192010275678 75.892696804842245 -116.43631928883977 -360.01529325873031 -0.58116775752756089 0.74924811438435901 252.93874892261618 287.02226450014246
4 237.96985241714611 85.367741347983198 -123.91953706616627 357.45583278371873 114.07927410458198 -121.02706868408633 0.80089919800844411 -0.3613163921962752 239.82618426818635 296.0845715913814
5 156.79589610702669 -148.94373819010394 -190.75756295056001 160.67271160068435 -489.79443796675616 -12.4014186272146 0.16005690604111233 -0.62218727049108313 168.23593230252462 209.43886375862738
6 184.99252668675572 38.786451699704202 97.202607700750136 -102.28454656253606 -143.6521321428591 -9.3065797492987823 -0.060058175187660323 0.35127844569924616 188.26536875202729 159.24302616788731
7 61.742003596959364 -66.98348560602696 -398.55811711454476 235.22484862040338 34.891598059804039 -312.21960513971396 -8.9955177612122128e-05 -0.8131081330107639 263.75159944074522 307.55799215982495
8 323.76325804268225 391.78893406760278 -353.0118259875336 -113.41502512689488 414.11624007435034 -334.37136380781118 0.13409951672889786 -0.16685807536994024 277.22671318456173 343.76512370876276
9 219.36972610469994 366.77152077122707 310.71634105334135 96.748372160039594 -611.50623719747432 804.71174996099296 -0.95273514265644788 -0.40458108715827712 151.25433231898563 142.0830209425599
10 -174.70920551952335 137.46078537816376 -10.109547141990838 -325.6891609940422 -876.85580205912538 187.76834419254814 -0.017033335318147769 0.20276424268080229 175.88482862178293 149.56040943906444
11 51.21909109242759 312.36728663974401 334.71748629647743 -249.39427111810798 795.81756504696159 517.90792738101038 0.27805250444593277 0.31921453498189867 15.709807114233493 59.316010323504266
12 36.84818392051401 333.81063971427255 -213.38943503988901 79.452793815664705 565.63751136897099 -657.42938708196607 0.23101654871773403 -0.19433304894085213 298.30926247957126 316.39817358640363
13 212.82907317302627 -345.82851150356754 85.451504827362697 285.66295198931743 231.02615225356305 -321.59214818366263 0.31159211184377833 -0.32369431452797848 53.411739108229035 283.15717717771224
14 134.87423072807206 -297.32447884635718 -176.00660464328587 -373.82529744246773 -748.96309986715653 98.585315669711733 -0.53660355721538555 0.032165175275463698 155.33368021443468 140.52610884128592
15 127.65562645827285 304.94894347961878 -115.95118832916907 -145.05682684900387 -335.39986518514553 -687.87063985608847 0.32636672931452892 0.63930916287442074 245.32181069723572 248.6268188005659
16 -21.59611130960899 46.637917558837927 366.78409095649471 159.13213732199091 441.06279596577332 701.0970431481511 -0.56841884783176222 0.30033211664138126 54.173820961666181 82.49631125718436
17 173.91560426111488 273.78234377882063 -124.9715631984845 151.03576457043815 187.92109044469044 -163.15013911920244 -0.79662848583567336 -0.29390313243371913 271.03930868308902 314.58793357909275
18 370.78779849638306 -226.78119870976116 -309.08960512945953 -105.85646021039379 -718.23457420923228 -419.04192269471145 0.82891224420584919 -0.36243583710884097 190.84098942322132 217.07029475723323
19 68.711611637460649 -209.00417635603876 134.38393951880388 -297.87488986809399 521.65688989590876 -138.69711941113295 -0.63267922581713743 0.51649913129698199 8.1904727279355409 22.860248404463565
20 43.426031221786232 -49.483991735224734 -207.49916654898141 225.09271455577417 -242.48689793377099 -822.4367568577278 0.93073853968935993 -0.9390703837502099 250.6314545262972 267.14794821547031
21 -303.6247379009007 -27.34997520369653 -233.71604674245302 -131.89196993112367 121.61743548001323 824.11551406611579 0.87262444851568954 -0.85220804830952956 64.333988096178302 68.758455142081203
22 282.65092500799949 -265.74107589420385 249.14629800258678 -162.92222572144058 392.10184310921665 393.82776904954812 0.70110251951271008 0.95925169770298702 81.279120254202297 76.55862966867052
23 -179.61531770959863 102.64676693951289 191.40863650962734 -336.29652993951458 293.33040798392807 -321.2720724451537 -0.67706191467809829 0.098943115669518189 317.4518839316903 8.4846163154344154
24 -30.493122337945877 61.663866367924847 113.53407232268546 -1.064910921198603 729.27127339044512 -579.75444289619202 -0.42241670198114911 -0.28755671763982993 319.40541616332808 316.48902337660394
25 219.50561606292877 121.67849349276354 -234.8618559497508 195.55351247513286 488.76666823213958 486.43463803041396 -0.84325419015562764 -0.57572170234845488 52.722198893972553 21.32320976290692
26 316.30802170609672 303.54564789736855 -235.54187392266181 41.10052665177264 -427.17013479417392 -150.68741118096446 -0.9581103116751879 -0.43647952652649646 210.46501887587291 224.58738179040708
27 -183.45527884327186 335.3043927616593 70.376173306260355 -257.98680525470735 -130.38382342558836 -12.714908058082685 0.27472023485211272 0.064895699696717379 278.94528228761442 129.36591336493137
28 -63.205834124525317 -151.36559057975649 59.999607041510217 380.66561093658333 95.376535895189349 696.62186409319997 -0.96945512963270186 -0.5938051943540068 78.43799802840536 83.017521155170797
29 291.81438345843827 55.578317595815463 -9.9535370903691245 -104.95656905493709 -368.52171679889881 321.89363379638905 -0.2685298888399994 -0.12953058518677008 157.76711784993589 129.90183118971458
30 221.47863034206915 356.94637801663606 394.92548273171639 -12.067810394293677 -651.29570099908756 -855.13751561681056 -0.010686588883823456 -0.84729001702934381 234.23312471637982 218.01539645548235
31 -305.82953601412441 -212.12873640812003 393.59447835319827 -270.21715398354729 -701.76218580465115 748.6627940585131 0.24413948190567747 0.47980140470167809 112.6402121993891 137.5514160219065
32 -116.2132356237084 347.06600719135548 380.88050828565468 46.76456142229641 876.31249775019671 10.429835073762517 -0.12051943213114913 0.570868002919803 341.14402273828733 356.37633470580624
33 115.39813546427106 -239.57571465341144 11.951428796544583 -386.83243241081232 676.18773281372171 76.402595153468027 -0.9076259429131377 0.87551785216562328 28.491568422178474 35.767241047403054
34 399.54917421694773 189.84434022980841 -54.941236952918437 73.135425627840249 -881.58257611799377 -704.79121857711471 -0.33800112365902391 -0.17746262302275162 214.58923489501231 223.08357127319852
35 204.75906588558308 -263.41617872939656 -307.11621112327123 157.97114664691128 698.45781597653558 683.40105413563265 0.4838324020628173 0.96713460016934172 62.944952293944894 28.554984578793245
36 17.673685272622208 219.57501838038348 -66.258052489527586 -117.39547150672954 739.47976589873963 -124.72739325935504 0.49294207391747213 -0.0059547685991649946 334.99174111289739 359.47268881964288
37 -310.22966074534565 -298.49913767475175 8.0980690616001993 166.14231832029623 436.47158101183277 -295.745249499387 -0.98157868400685766 0.066712852442228465 359.2297313359656 312.91081983894827
38 -248.34640650223596 -143.90402598596924 53.159309745092465 -86.533622151361826 -73.797054583650649 -809.17389250117367 -0.63396917033581013 0.68379116750385038 284.06756741919179 260.71952191860805
39 9.5051418922357911 308.09416482011943 285.84080070927752 -245.46401944107242 -180.72568939494565 46.400940143225291 -0.80496970072929153 -0.82928767654703095 233.18076391278206 147.14229511240924
40 273.1892467229456 261.37089612705216 -93.368509542637312 165.26774577030201 32.279597884197784 445.77633556698993 -0.36962979316257916 -0.051927555481019461 142.1979482188477 65.819051128428285
41 314.36506457050058 253.31525642325826 -152.02899586303866 305.41686467864906 -182.30591440451718 328.28390071991544 0.42302110162659945 -0.19663006214997969 171.83946279250773 142.74096915413526
42 261.67504561068739 -27.718626339422059 368.55096162219036 349.35914779842972 720.47775087515117 735.0362298977808 -0.70590690811651635 0.29666820221015389 58.266872340676933 47.916504620399941
43 192.89163206617718 23.007333796631713 23.376788530212611 -238.85527317043992 -610.58429184939689 509.6417926988716 -0.70078884681341358 0.4563939426043766 148.09753416455354 130.72028298212675
44 -338.34520966766286 -70.198311349186596 -380.79093480515513 128.29813719517364 -372.75142331160987 -58.139848286253624 -0.427102560019051 0.031548865285299765 160.25869045470031 272.50070709343845
45 126.11740800638191 -266.46931297161956 221.63921656339971 226.01229303260232 795.89813698682894 -214.74856798814511 0.74626252408317972 -0.81262901405136923 5.1619034236045849 321.68005611681292
46 395.12504754711284 -230.23402011682509 -100.92068447149049 -325.19723618032634 603.25512157360345 -25.320638832591236 0.92480288737179706 -0.71076859025330075 45.47860481807939 22.35619070590435
47 313.45741138657627 -112.36310485412675 -210.96745304603016 125.69852412606934 -845.66075533291871 45.845504689409644 -0.052789623867725233 -0.9029897348357625 172.1749088401472 186.26791803798213
48 -52.654213423369178 -156.06465387310138 -201.08144066827788 344.23499913046231 176.9343209829033 -622.5164947030388 0.51426325067043654 -0.2608666196268421 296.72076725910938 291.09545054497806
49 79.080531053039323 -96.052052656929817 110.83668248077086 145.54963005888482 -389.63832062380874 595.90383770386063 0.23626149937051566 0.21053718901490881 124.34928932108735 138.22796096112378
50 -225.5952559629855 -196.82996335665601 -83.698358096715438 -372.90184145463041 -801.48394205869931 292.82772351431515 -0.36704287946292657 0.44048895206099403 139.25962468149299 137.59527843139216
51 -340.1388459566225 192.10499997034393 -228.65693590356892 295.64124446267959 731.75803642349751 340.76395055219177 -0.21142665741965661 -0.94870420574407355 7.6844285733449444 1.7412172897131932
52 208.89053827346541 50.254056774680848 -334.16700047237839 56.589749522135065 -888.919795196481 -87.522105783242196 0.22651336334038397 0.60531725049318119 187.3797847469115 195.16754925109655
53 -167.51527378540584 -214.36358710401242 -135.12505542923324 -352.64428263168435 776.69904020067781 685.14314562041068 0.20427234036262032 -0.85082515155607208 43.815204378332112 47.845885664562388
54 -333.09787883412082 345.66592686259031 -300.00035307418153 -283.46500651618499 513.84636290086337 -357.24347610651506 -0.17689163440070055 -0.17995313823988579 320.13261101359035 354.64011346294467
55 160.05284477513601 -22.134193116025003 249.76401210099661 -3.2486846498594346 -377.17269068542294 -549.76160229157051 0.51002650383610693 -0.56098401697170441 224.99360098434536 220.51831174613034
56 87.126248701274989 81.123343303094771 370.59807187859491 -328.30341564963607 -526.46323908648276 290.79550299566648 -0.3382010300046463 -0.74283425626562316 160.79577947676501 144.64601198970175
57 316.29488236125837 185.18111519390058 -221.95827819522248 -323.83175662297094 616.34211588620587 125.93151094293982 0.85915725017497091 0.034363074243492386 349.6888082220803 28.248722832881871
58 -215.29731035048744 -293.15031508640857 -65.669667099412536 147.21399102860769 -892.25965664912655 -188.36674963117795 -0.19234309770159141 0.34202262080530055 171.00895813115957 202.43829465679494
59 -244.03045982341575 300.85715906137472 -139.92950173289307 261.44638466999066 589.72072179313932 692.78417478039512 -0.48234184464839291 0.67973154853020978 24.694782693508408 31.26948257209564
60 -215.59410577852515 -80.445598399722229 184.40589422147485 -30.445598399722229 -764.65003265350367 822.31589907090574 -0.9740067767159144 -0.0068077113273805612 120.33379269158311 138.05233723623476
61 270.47623631398994 -293.98806188073536 77.681462657104291 24.866023946629401 463.56581616270978 357.47053512484877 0.65002693561115543 0.5865673306789001 74.14042565558664 41.345537310216685
62 66.287956315716556 -120.02864979196106 -314.05731749603279 -268.94576561940238 668.17363407913922 -420.29887332171182 0.78806133967957215 -0.38782731399430026 334.27425610043105 350.8522976277165
63 -354.19435271851319 -168.00201353309293 -92.279539749679969 -317.05591397383961 -126.42967257468187 536.29723414595799 -0.17236022734273138 -0.012531705519343461 71.906851985996994 92.279151353701678
64 399.01836014017016 -227.7443782811508 35.131726171688896 390.20502860559219 -7.696019705766477 164.5547519858255 0.093412831849944977 -0.76946159752435439 136.12699156098958 258.48379744413319
65 172.90841945246163 329.65890799112748 341.26110629172058 69.335000414860829 -265.47968334878135 315.91854642669978 0.88923420870844283 0.95627171890677953 182.6844633131401 158.8391154633297
66 -173.63589903472177 348.5492446726613 184.23127309954356 297.46969405821926 -598.53418529888245 857.24406475387775 0.50703541382603801 -0.66696524382158606 130.37808110303081 143.7635655257061
67 32.096649754849693 -310.7732659607276 179.6702386884964 76.144511499180908 140.91684589248496 625.01262123583888 0.53945838665391621 -0.81656929039025594 83.906467514217383 93.222155272267585
68 209.71126889833363 33.172534248611996 -248.97548255396069 -122.25657677341405 16.549349895708708 645.92240358564663 0.76380573680511943 -0.79579567348738633 108.26062710440466 70.136244615927211
69 -46.276435249878034 274.82335492579216 81.890983892867013 284.12950224015043 175.06820915894318 -498.53540597621446 0.0057051414075937057 0.030309681536255129 285.97746822099964 276.81948863709624
70 315.26233297053494 -115.39818093231622 -212.00830403742356 199.08637618404833 -144.7543253907738 -28.168815260610302 0.95317296966799003 0.34929079230374094 170.21610008313237 286.83490155462289
71 137.47916408842266 347.11066283991761 537.47916408842264 397.11066283991761 239.94540893679482 157.34682873285416 -0.4315471469368044 -0.5384078326004369 297.93604380057133 218.32475929131763
72 25.201891786415764 -352.75494481736803 -265.36960397252028 166.69537789224788 322.22024115841327 -848.98234919814865 -0.67366960417971566 0.23564869171035596 300.22908254781873 300.28588729297275
73 -73.876678535658428 71.172710514607473 -297.03865221224044 289.98853388675673 -433.91669849280936 -226.07232978873895 -0.10125995563138379 0.1856585121320935 219.44144190759229 255.33078447164476
74 384.41491188819856 -232.45665652900104 -270.09184304866392 -283.73070046049378 494.51948762924229 -211.57974084477934 0.85393341456922967 -0.86688133586987037 11.590325677703339 4.5237536190943519
75 25.245141198649623 205.78909184193924 5.668348169953763 -74.720854899295119 560.72858033617274 16.38701683177921 0.81307310537939226 -0.52279445667693514 341.3342355540488 8.798644263508951
76 78.764582868520534 107.58337904088178 325.70467929851475 -325.39550663236855 550.29671408636739 330.28152860566189 0.7212188275532736 0.21771721010230904 26.001941363609202 71.309613727725164
77 -36.98187430531172 237.06111753814181 -172.65242015060798 -355.66543699932322 449.93713539655135 562.27297392089622 0.65735839296821186 -0.10462205842034389 34.396209988874354 55.748388196108522
78 186.13912027466961 170.91410930768836 -169.16061114897846 212.43122642299338 835.54365498406332 -266.2123247464599 -0.45310898374204323 0.1677167905090684 325.60165074366756 334.69447335028553
79 302.24814971825646 86.633285149806483 376.03848410278192 338.09111722035726 379.29561899948152 372.40894740199275 -0.64389255149386848 -0.31790111798387355 74.267456195650226 84.260347890249903
80 248.11658375537408 -79.634923361976632 -217.55464387945321 -349.50137124194168 -498.51633079218175 138.80344273966119 0.84827373655462601 -0.21695742164277809 164.54066576497468 119.69838034285092
81 231.62821400634161 -296.96368249168177 258.189057014377 342.02641313337205 4.6090922474686824 -81.404925909379884 0.81621906697739011 -0.54436145478910891 137.29953733520341 238.53954777705724
82 336.50190176993232 334.00017227655428 736.50190176993237 384.00017227655428 46.322339224205237 327.18138075837817 0.065992981033659692 -0.39650606639612351 181.41211152103793 184.30973617759841
83 392.51168112783603 -380.02315632223417 -198.7777380973032 342.91630936902584 814.15538942907835 -398.13242387419507 0.99956661222520737 0.62528791541925344 358.54026911254385 324.43656976296086
84 221.48684624594966 57.476372677329302 -84.582150588890585 -392.60726305177076 -241.95502166899675 -225.38943048852317 -0.83702430608060374 -0.8309915540784838 210.56114530359491 132.43173790387146
85 -189.30507202526482 -4.517569430631152 219.29560764692954 71.10325557138006 73.732535056565666 533.8748609639207 0.69600249708441497 -0.1203121659253974 64.657666345333269 107.34046085505462
86 85.733361670209618 337.01874882107126 -336.15168909245358 87.125250225266626 497.72264709186015 -130.7998028212009 0.49988305675208666 0.68007364053779162 311.868978629195 346.03394455990309
87 211.47517267698311 29.445538987355135 179.49609140888177 167.46870426961459 -209.94110952059387 -861.71960015933769 0.89943316621439262 -0.064609680399337899 245.59079173641203 249.20912049347629
88 -161.19442010539967 -199.57460590070184 -80.405248721169812 62.304235010621944 31.961742411174889 -212.049682811537 -0.84446134340310719 0.96151504244863517 355.46019757844715 293.23402377237352
89 -387.43046594766605 335.81306932116036 -374.57085448116663 4.3415395734145434 513.84201354873392 294.43604044002956 0.41148476247203125 -0.8050155614334904 357.78290606433382 17.278459144006494
90 291.2416664385139 119.8608622972877 353.40350681928356 396.1990118692438 458.35475467082222 549.27708915269932 0.92206101923708061 0.43864523452241877 69.657893552669407 56.003876277502691
91 89.359784700360564 21.564465994994197 18.265917661979625 111.96233426600806 224.4216014742496 -897.45406912745989 -0.70148753687801313 -0.16647583027763413 277.65903029644323 281.37644564272091
92 -169.92620395503266 139.61395508714008 392.5322917094249 -187.32853798691932 559.25105118358931 -231.54527927807098 0.44758858869424856 -0.82251836585551419 333.47099465601281 344.32360828647103
93 99.146434773711974 16.458192213896794 263.26371864378444 -305.14866356178982 39.128980542079674 654.05704396569615 0.3895004438073757 -0.67849610867070376 95.766931862012626 102.47365646265584
94 282.68948732818365 -215.20831809138886 -341.03991917847571 -332.09430166475107 511.65313437162723 612.65198081435835 0.76127514245981054 0.50878099136024746 75.301278217625921 48.44053923646819
95 315.22279980114013 342.08148273709628 29.730358961234593 105.80721938761374 816.18784586971378 25.556857624273356 -0.51850860981558489 0.87723629058265762 327.19557543839062 355.05092326104688
96 -359.45875783966414 66.677146443710726 343.56502557955037 195.48995815299017 189.866953519276 -24.413172844064324 -0.45485890135216955 0.12667112539129 350.12991000522811 235.17561093137124
97 190.86767209001022 48.970978331510565 213.11359246230916 373.69241462734414 250.95263765592142 374.18056737730541 0.69856917456294343 0.10633646134649055 80.230776689928035 0.8454550282125004
98 -169.32018551175628 234.79541437430677 259.86508190446796 383.89831221072575 -861.8535252589852 12.655785040204414 -0.87751901498107321 -0.0074289489243402063 196.90684157115487 198.3049817228061
99 -18.038148741220716 -224.18430101817063 399.34463738546174 194.26837607403806 -205.05241404498031 530.75987449890977 -0.50636999713699349 -0.43090141012049865 103.40682149145853 150.46269982264204
100 221.1106643468888 156.14628961101999 227.85224308586515 -88.530507524732016 -567.35837016103824 -117.86240188004381 0.48136503147113952 0.69265841878824874 199.64472245986582 182.80509525701189
101 321.78827746143821 394.13699804064288 -149.40816194225857 270.44000729849591 897.30363863645846 -396.69854511912979 -0.98987853927683322 -0.71503674267039674 305.05465615936191 326.77291050309691
102 222.14587904539317 243.09870910505049 -192.19856687543012 352.17270886188163 -474.37130955830958 411.40887756095645 -0.63102595244498394 0.51448067539157449 165.78413458026506 168.65861198599328
103 -359.34475673413215 72.133048478609396 -120.82249028287055 127.28110804320032 696.22806536750761 -320.16857382172452 0.9021403605113143 -0.096259529082895368 340.51465331081891 331.19685817218226
104 -80.088388362899465 -236.3792257778523 -355.47940984386867 -351.13100375180568 630.26103812361555 -886.84178826118546 0.29660086611370073 0.2192632637839449 317.81645814308325 331.69693977125746
105 69.788219920418285 -32.103340931324809 -348.85341133490135 -246.06368564912603 350.24557439211321 703.77883084282178 -0.035598276503431059 -0.21917707080328142 69.101697381004371 53.427171905785514
106 266.73405591704017 -367.85762789774827 78.860667669758655 376.98408671636548 -125.92913559490995 -356.66814149627777 -0.25513984589297234 0.14914772554004063 178.11257857708617 254.5527397608688
107 305.40115810512265 183.4021229586389 -126.02846186263079 -93.927645913285033 243.04911720037194 230.50950456067935 -0.77222166754543031 0.15381848684641386 142.15648880719365 41.470862150853996
108 197.61126027794003 -298.23144443831683 597.61126027794 -248.23144443831683 -744.34122148567224 102.97413842678897 0.56197161747234992 0.23274790300513803 157.49137402269233 165.56667016652671
109 85.378629239073149 -326.17467310979322 63.250288928178037 11.905818774552657 -874.24792180888176 478.71666706407444 -0.5607451752130157 -0.072865966585638597 139.45085214702021 153.45692742380896
110 -34.385618169224585 144.2315208087698 289.7111368794491 224.02007564962628 -518.2584338163424 -488.24595199029574 -0.14298786861564095 -0.26916495206984936 232.43944923029181 221.12864172303938
111 175.07629316415264 38.266793560813369 -39.654440899461903 83.522897270657822 -214.24041448640386 644.60354717551161 0.49521864992150433 0.59202793993931868 123.19892763742719 107.87609124645714
112 393.08340824931315 149.68622971441857 121.65225955027479 213.00971293826984 238.90572574624548 819.08062087855023 -0.18676461466066163 -0.26144723197209463 102.78363700932404 78.789099237264963
113 -331.40763453237685 354.29897496352385 68.592365467623154 404.29897496352385 -261.69473837496935 884.49792713561283 -0.73729648747562404 -0.51630040133764021 81.772170375199366 124.00440029386822
114 232.4424023992857 -88.663477903634558 -47.234835175669865 -239.20015755939136 -618.68475075583126 645.58058239389277 0.18359275466301606 0.57243804386318597 139.40015323199145 123.42948614398109
115 -106.73343276956953 -10.64968467968006 332.65479737111849 324.19491241985889 172.03944984220024 326.54545904154855 -0.85036097315653936 -0.31191654286800885 49.567721305516713 178.84964062075701
116 53.849435211976711 -46.427988800942813 -154.04268394494639 162.25356229931558 -475.78047804350479 738.17800999071426 -0.5858229718162411 0.43581297459093626 123.43457370108428 119.6255401054912
117 -4.5376217747041814 186.40615906516294 -75.548968173243921 -117.01248350318076 259.87698517364294 833.75545774743443 0.37702283557706706 -0.96779218679483225 68.159100119517859 69.599632820109079
118 -375.26895441399108 -229.35401983452221 -117.3935534286227 -272.42073551612913 816.29249914452043 -421.59803157899279 -0.082691018422631934 -0.71861875356972904 350.75230559820062 350.20381772173289
119 -155.92773426917549 36.650635228130128 -65.153410529899958 -328.90910788283776 446.08591300549796 845.26707534731554 -0.52892026169313056 -0.55684690113475366 52.803455162062825 65.914720449772247
120 204.17279547152819 -36.635955623898028 -367.70343428473529 -361.48813501759554 866.4790461639659 402.01966336690003 0.030629884349257619 -0.68366845025695389 33.547751301502693 31.058694114900216
121 328.27463833682879 -99.863188271165356 -137.49563169130488 232.04690807051466 572.7085809417099 -865.3394379388493 0.10041125826163788 -0.29794835735718217 287.80987418011796 302.61210419054498
122 376.22553735669391 -148.36174049559565 -159.47174188092214 126.70921387939664 726.73250318482042 255.68733149265631 0.11964918811056635 -0.75842930243171813 49.178464266209716 7.5222551560854143
123 -194.33370958786745 239.06499071258284 -291.11618032048875 352.18594259374532 805.21982835524182 250.29589991264865 -0.39556181546879632 0.84820892205611953 0.2481822120370597 355.53857008276049
124 238.07791617623596 189.59164830915674 -286.67943366745067 88.371694232733319 571.23137676673605 -482.73737582316522 -0.48297123067206948 -0.10495955852517325 295.87643133844438 326.24343391795128
125 242.80532589318699 -322.81084093249382 161.79859315585591 61.295654464518009 376.76065235170927 -622.45333978379517 0.93043417115768556 -0.68906874736560075 295.01748861915951 286.76342122166454
126 259.48504023349903 -392.66146542843592 175.60039603327385 -156.27458777126259 -218.82846917094884 683.416030411625 -0.21301450011706891 0.067876994356906861 113.75200186855359 115.22878473990028
127 93.041277377988592 -390.72565237962084 153.15479915865859 359.03580688043968 -176.94016020865405 616.28180913109668 -0.54150213155974058 0.092055441567548302 104.46670468147521 142.16244500810978
128 -203.87251459662988 -233.75607594016819 109.43127615520743 -377.15149964851389 881.62793679349852 362.02813455402094 -0.46185972057319202 0.20895126632182581 28.29861763010544 43.957485680760783
129 -356.00486141543104 131.84879314853575 274.68820287130785 246.25771357605606 -667.79289141185006 -633.72676917100603 0.31642362868725438 -0.42985276116838422 248.15733927202186 222.60611045195583
130 343.80057924156137 56.76309019873873 50.735958315206901 207.58183519125649 688.95641033256265 -68.572777185374449 0.12377799204913509 -0.84476665740614143 340.16638334653999 335.75735356807382
131 339.56238251982285 315.53479584626638 -356.16837282559726 -118.80710837875448 707.22625358694188 155.95171072456847 -0.36071112598021959 -0.29360072242190971 336.17622064773741 14.1935845622102
132 131.76535172658478 151.41306175338602 -281.65472115982448 -42.398607336834274 602.56723418850027 600.5761167529995 0.39773503979138147 0.61682019461031823 44.050308775491324 36.640133706198029
133 149.33798536810619 269.08071591129828 -115.52968885088629 -343.15607183348897 -728.83974137074335 168.44629709333933 -0.97492651319197821 0.68205228813029395 185.56234388264863 140.84833835482485
134 -248.15674663440123 253.48119192225457 -115.40406610441431 -314.72058597806 -234.3715155034038 -883.63266682476069 -0.59827960992753737 -0.70739291095768575 270.09628309148309 257.48145958127498
135 380.52814201232064 -53.464779334456921 39.07407066647508 -355.1782296663788 -793.60756043295271 182.60877060615056 -0.32429455279457264 -0.40644319657766026 168.3073016486573 146.73718193229269
136 -269.39276612839205 206.59236871981673 353.6677951384209 -104.90605173922809 -222.79801210829953 -374.02190920668556 -0.65006755256253412 -0.37102849620419631 273.93813120687582 204.65390216679123
137 257.33753319814349 -333.30188102356954 657.33753319814355 -283.30188102356954 67.913965396461634 479.73626792759865 -0.32136837293072595 0.75251598997006375 102.79358288083468 128.43750168454909
138 209.91013645077788 112.87878348586622 -112.29620321650779 -291.01044400477878 171.35250485063557 -532.5492690551896 0.75846237067176125 0.75836458605269841 267.33969695715138 320.34257092684999
139 -3.9915116882641044 151.92683581139786 181.58165951456294 -125.49983431756164 -623.58300578252295 -128.25704516981699 0.0067888507768936179 0.3864338038976447 204.3396254277128 180.5826370581735
140 147.37232810596365 -355.65536225875434 337.59011641018202 -235.90274219658082 -479.38938124023366 -739.62097493687736 -0.007868309299086107 0.84872360274534664 211.48452442432023 212.50511550610145
141 130.12299363105387 -6.9203095836632755 287.42497502267116 359.65143926898958 110.00979057447296 527.38822841952913 0.96556812600170372 -0.94117752152951462 93.121359583177878 135.66503067685298
142 68.068312161912829 150.78150176180839 35.569516147735136 -157.10645483779766 -419.06755590267647 693.2277998101622 0.76147793571660904 -0.72471600865195684 132.68643354074047 117.40677916231539
143 195.4524215138523 159.27735108709388 -30.462717242605386 -81.992942398031857 -316.68087684701192 391.29510718418362 -0.095053257518562084 0.35550482840363529 155.53243648616015 121.51870884277157
144 159.1577386810801 384.95634465696941 146.83325957620639 -336.89873298710762 -500.99141237445053 159.6889136261685 -0.95023104455980523 -0.093036926509944218 197.89131789055031 142.43512495807155
145 -155.16680673417031 -256.85144110009202 -363.50828201660261 -386.5526737469749 -594.18987691752591 789.20461619889147 -0.34526128695191005 0.87471769325556714 112.42222155844675 101.97505487542809
146 -321.43760163499832 83.212422217885077 23.193232270116404 107.83016096502607 625.46528886523038 -198.19843263640757 0.3306564719994467 -0.57739302222818578 343.77919006803165 332.48641256366523
147 228.62833985959671 27.569348579855291 -335.70018094790771 -165.60903218624549 -657.32145861188292 441.36767766336203 -0.19238495867226857 0.046697718158363211 154.77186697931043 117.96465845678772
148 87.592058256722538 -101.77519967815903 388.76638017390042 202.37765935979661 267.29460286426979 -626.31347638014108 -0.2580254069215262 -0.24169010279772918 288.6530171756296 261.41912845877215
149 162.9941865447397 -334.90391072341635 -288.03174819398708 235.2903664413449 -211.75303121413222 -361.05897973478113 -0.78989877343791925 -0.8307938720931809 183.2025227925495 276.45829788725507
150 -64.820669602370714 -32.020180244503308 375.92939876477783 131.5355988128685 -500.32671984343403 329.85045137727639 -0.97442024762479718 0.48911839485417197 139.30171412375856 167.73673383592757
151 -149.83866293968475 143.55931185625624 364.29788131645307 391.26846371601562 99.045099690908117 -774.32098028892506 -0.87645956815284709 -0.45748891834835415 284.29454121064032 256.72206922505171
152 -324.6039289681072 -169.71150119999771 308.48095844314003 -154.04974271733786 -307.09444764308904 595.84409828441267 0.52187679841060008 -0.35471689253582772 89.211659087826646 129.0272875823317
153 1.8967990282290792 48.088002389339749 178.30829739549819 -292.84312815383231 456.25877311976905 -725.25991613003691 0.174221156696172 0.89041082921412684 300.60956241299283 303.62266072506981
154 -262.84336849798467 219.6515247697242 -86.887162615138266 -213.59050207585878 24.639741614365661 -557.0045685644543 -0.1095851460448094 0.17188598873770577 290.20269793270541 288.1635719901895
155 216.63082642459602 251.17817617034311 310.70713548158199 -11.099379294763168 746.06465483777549 713.06338524739556 -0.022588341559840242 -0.78095165639183506 41.079294779988018 58.205294339696017
156 -108.27027704152465 196.64664557570387 48.332505343974489 -250.1944852096658 650.08056383625285 262.64631749736202 -0.74305708224395506 0.64021702449574169 4.2308918809921154 41.079568892110622
157 11.7076407891747 -113.96587199588923 18.932290169944821 32.172678717483109 860.49875770378208 332.24189573487297 -0.45266504705811261 -0.16590483340088458 27.278148702360742 19.458313000767202
158 -310.49235452370851 -116.04680475756624 245.89741452542961 -76.585098894058319 557.3128605356859 -333.1667943841706 0.24601492787832968 -0.85295332408910385 346.19928979545529 319.66122341535487
159 -293.11258960008735 -72.956686945518271 333.41382059347433 169.59068394525357 -503.35616839238867 -364.45075854361522 -0.91029334686432728 0.2828022446826941 233.28822955097723 212.82954302959442
160 357.7860199168594 113.80516347053317 204.36370380202237 -96.183781156957338 504.11116278425527 -18.606310653838641 0.42051920032981593 -0.48264142080818906 318.27817518683793 14.027661227731006
161 163.77693363972608 -213.01772662001036 -131.36506209796642 -172.44318919180009 -111.73838728887637 -512.1576737632397 0.20826530568470214 0.29124594833580852 227.56242378850496 273.59777840878201
162 -217.80870549772891 217.37515292910663 131.28359353168486 366.58905666504103 658.09443610754602 803.98423281548855 0.84381048890944377 0.81223265031526393 34.654786992962201 40.514060312262345
163 386.9819111505376 364.31754341651572 -114.76006665897387 -294.01988812345508 774.40785602908556 -337.06981824179172 0.73095582899972689 0.99111185876704777 299.64593740281106 358.21924544384024
164 96.955370004618942 -170.80713867384992 131.21991885212276 275.95582900544599 -593.5444904579042 678.71535284113088 0.4374932970529275 0.84638997949941142 129.54202841645585 151.78498242584229
165 -123.32810772879537 328.29198904338278 -252.66268014225045 180.9294633351513 775.67217147159261 94.049337761746202 -0.69879965063583427 0.92293545852074077 344.69698567846211 356.09370001103787
166 69.790638173267894 -179.71707580887505 335.71237270048442 261.21191725239061 789.03072958098267 264.77779358890416 -0.56240216143199562 0.19657971639087513 31.153922062807901 0.64726839337101028
167 6.4667822406442532 6.1317566010430369 -388.51902106428059 -194.17212646403402 -415.18757508502097 -741.51830760481812 -0.24257243868918854 -0.10245645856470031 240.3356083138483 267.10810565765638
168 148.79600260672285 15.718593036706974 -36.981936039097988 -283.03471886588659 -475.1210052836484 -323.47855838858726 -0.70300986982010638 -0.48561127203784427 207.82803545332095 184.78831491444348
169 -76.642708807899766 -215.50116892514214 -195.86433565709572 226.94349901812149 -247.12084449250895 -211.67100578150547 0.56422515139135898 0.53647701039538398 179.27716702705749 263.87112147736434
170 173.10879687138802 65.022596591915601 -349.37619491857686 288.01665561984373 228.48505874681325 792.60494872140225 -0.63781371802738307 -0.76608271066875688 85.009798060960861 40.36137041032373
171 321.70206255567388 -147.74161240459102 367.82254909613147 205.01848927277501 -495.06970376432491 227.85600087000199 -0.31730847277198748 0.64076996891196503 154.98705883688419 179.1247201531142
172 114.62002527448973 183.50038966658602 -170.97540242066708 -382.40798871011856 -156.33436901105392 390.46175038957989 0.8248065846848891 -0.38399335765182907 143.45136149306197 88.530740840949775
173 -32.851924255708909 305.28434886809572 -199.14607275098612 144.91225972857995 690.05049068967776 234.66834181056424 -0.76868859915448895 0.30456910220589828 353.65213076710154 6.0685191041441104
174 -366.72349292031504 -174.59690085524332 307.48161667716892 171.42284208617252 -512.80379064460851 345.02824260882676 0.14719547185288318 0.61804418916477499 105.84926552026766 168.66828540918868
175 137.68836668603956 260.38410984672538 183.70737501089147 -333.86407023598588 -46.93914476187404 -789.83353248973378 -0.4283672981579425 -0.43816617596341323 259.60095834979273 242.72982991697063
176 -25.469612487714066 -136.59301201617734 -214.17526673968305 287.99175213205785 -802.31502705119658 -66.748429100700406 0.28816339453337991 -0.61908595975399283 175.15063027023859 210.47745651748068
177 -34.022685509799544 -126.42228578680425 289.9003254069865 -359.5727336070708 -790.61984779066347 -53.168516817643876 0.4157750915249312 0.74655909514477004 174.8856324065444 164.91475905793405
178 5.7323575251102099 371.81980173998568 136.67105567048168 362.17529156432022 639.25756444472484 711.74071846134166 -0.93858937950530086 0.76071498356856249 27.277401482324919 35.580596698651462
179 126.07830974974465 -285.826815750778 -333.09411743297073 -305.75042142620293 -19.202775696665597 -778.05211246157705 -0.16628868412871078 -0.67531865327955121 253.38966159925161 302.93266315105473
180 -364.65804905314343 -312.82566684116222 -329.64408315018557 320.46019294207434 285.96101767354889 249.49213335922065 0.9601041759040263 0.11718735085807408 41.796342113213115 353.5410566688285
181 346.60617116109876 122.54902277589102 -42.087045090536094 159.34615899343009 -122.88060954211004 -553.59107258949757 -0.88937486286791168 0.84773804295580035 234.33593547368685 264.38228110878464
182 -106.41534020281149 270.16583704325211 -52.788823571729182 -346.32350257244883 101.48799373899769 -740.74879310218205 0.45200504450087631 -0.21641078324714069 282.07334223850808 291.14620991422777
183 239.60965805990728 -317.14617342247954 -378.84663709757984 -301.59310732737373 795.58174544187443 -405.93516812046022 0.17769127328736589 -0.2195271745509404 351.10414946380007 354.70336130675577
184 -227.04841532420258 -272.75100303898495 75.130239996804534 -28.795040168549946 826.86721090126741 593.06254245249454 0.6396957874850755 -0.8677197907692471 40.043509557897693 38.73077226394129
185 -38.74965940273141 -397.36293805438976 279.04939612595871 -195.13683087880941 -128.50040413894482 -474.98187740499185 -0.82389533647061852 0.91721369075144321 220.03026607013976 215.39274636230826
186 53.227027486650336 -32.394777026933937 220.9478548602969 -8.6359461252320635 624.33878334479289 558.51583916312165 -0.95404356331237938 -0.021349886148595676 45.022083411722861 54.556026845283299
187 -371.00012173206994 -90.429117598076829 -104.06014593032972 239.07412757689553 -487.39173458390087 158.06213581644022 -0.067254609630117868 0.65260974848343212 115.03081745878502 192.58571564674637
188 249.82160899705318 -346.99283010026676 649.8216089970532 -296.99283010026676 286.83844772885641 -780.229411435781 -0.83890423800387115 0.87450868307999441 274.04473216331979 233.9624643735379
189 288.15312223271548 -34.984216241785404 -233.22184176966383 -220.50237027590444 -377.20139850897874 -267.92438318809707 -0.86292205637515784 -0.34919573649927882 198.43219372617673 197.88094502649056
190 -360.77633398897422 -356.02833135616214 294.10137185755519 143.7604286005616 471.28099784222536 326.44758857062595 -0.36997560366369653 0.33128677905246406 38.989554357932825 46.208094063233787
191 304.64295966130084 341.34651165821674 -71.318903848537914 305.55944498856746 440.47084689946809 -514.33171916049355 0.12665439770624709 -0.43656504764704329 279.14636517451038 301.53653338853343
192 -233.18176592037963 -2.0312945656202785 101.98346459996061 -379.46737313552416 -341.68602123314008 -203.99412723870904 -0.54404036990415872 0.43414808530825044 241.2091053105419 158.85513167084196
193 -219.75932559068571 72.259061717633784 262.36858487206877 342.11832525096673 -583.707101271483 -491.00511713819139 -0.45557962848026556 -0.31741915413418664 236.67628250437178 224.24064744271166
194 -174.88813986926627 162.87240818708506 -22.677702016418166 -359.40951726060757 -536.54762904692518 -450.8670147704118 0.54429851753275171 -0.73781707433569443 240.03464213932006 189.35389616267187
195 -324.33748975501499 107.93903138380526 75.662510244985015 157.93903138380526 -578.14816797496428 238.2348367923378 -0.30378294594439836 -0.84542714943925668 152.52214607010535 172.15302333619772
196 158.91006872873197 -397.46469508921069 202.59779095367571 322.79859669716427 -522.19518651957458 -30.33248130830648 0.4387664881717741 -0.3981071744531457 152.11302474706696 205.57799939999228
197 78.31734741308081 -376.13790608315912 -142.85387630822041 -165.05278725913169 306.19513140784755 224.70120516635555 0.36636936381889695 0.7559233866263988 69.596341108461374 41.712408906221604
198 348.67983250513805 -316.77691954583167 110.16376870013822 -128.02105804951785 -327.98950724321128 587.80450420813133 0.057717263811168262 -0.11349955970971948 126.8559293371693 121.35709412102811
199 -246.29526759258883 192.15433102293113 294.07019173079709 133.48938600099115 397.99052076584587 -702.90748599520327 -0.36738980034581492 -0.062187720434637939 305.37980552561032 277.02038027078373
200 225.02161457673893 -321.50692023707154 -234.23653703062675 361.35974992026308 -642.77530991897277 418.47916070274243 -0.17945161246645958 0.75332182305742146 139.36572285833591 172.79416786641249
201 -345.21735623541849 189.09481920171078 359.99111113563657 160.73788002425761 -245.09008386458518 840.76313132106145 0.60506583788857871 0.35683867363237964 81.870017149747326 132.01927840854239
202 -185.89905021829171 202.62381879505443 325.20593134186868 110.97412604278283 -209.644279502827 864.39164896709042 -0.88271482595810591 -0.35643388645267704 91.172262669379208 125.01446353485939
203 369.70868048273263 95.383246828929828 -321.86252055093644 49.024688615324322 896.85440260202768 772.7559435693662 -0.38194696411402296 -0.50150534349674425 51.727246484614106 30.20232146465872
204 -185.1912862976202 -225.33516210518866 -245.02808076868627 -157.21793932899669 514.24479082840401 49.07039227548362 -0.55220503797522791 0.67250011801455711 20.869063450557956 15.872391763035106
205 -51.379610865670159 -277.06568894288688 101.69521097662395 -357.21376734321842 -859.77076483119538 504.82396397106942 -0.383949968226172 0.23975036417046236 135.57077677988025 138.36076575154536
206 -43.491541312528966 395.13896194680262 -329.7103069124671 387.92493937486796 350.18568519533721 894.73194809944755 -0.62898155463842964 -0.41109442129947871 51.133053310058322 36.290430780989787
207 -305.59017470079317 391.74632245817429 -166.30901827384071 -201.53912040310118 78.451501597295461 691.01453444143192 0.090594120256503929 -0.96957992052407693 38.018444912872177 73.695459629049708
208 -139.95944443542322 104.85847578284728 -18.166426269583091 -229.15257446581199 -270.24382047251754 -130.00597340667423 -0.97792620399085983 0.24638676990633712 240.00399669187374 158.77577444909872
209 280.76463490951176 -266.32741197527042 234.55143606324472 -82.042676706656437 -424.81244842073818 134.52270502514145 -0.64224713982052761 -0.38885053975863104 149.75612309837359 161.42859409418449
210 250.69304534334523 -50.414096604426817 370.25856090416306 -181.50943678448064 -472.1772081296869 64.511637993520182 0.6193518458225844 0.5913600426584591 171.58577146098878 164.31168624613142
211 -210.46427910766727 -243.12212679330375 -133.99692417622876 -78.331903477045728 -560.61572763163474 -582.90809398204101 0.4834870704742511 -0.38573270529582637 224.62275152863381 229.39977190295315
212 342.30491698248181 27.018311877570511 -373.35978860536346 175.52680626774446 -574.47208686090596 -154.05483021371222 -0.12732934929139694 -0.91371406555839818 191.04538939109389 237.69454346073198
213 325.20646105446656 -175.19043818731842 83.449956977269039 -195.39117092586861 157.01147676733365 634.06932042420078 -0.63978761954949093 -0.15803831251208766 101.1013023723591 84.773888496150576
214 20.400747757077564 -316.70277762590928 76.810287583132734 399.51301288919376 552.79560195616909 33.307152727512012 -0.59426470548160792 -0.78597551847273617 32.727673052076085 321.64064491377582
215 301.31984770693248 190.64078685101055 214.92136204476475 -25.541267449496718 -814.29762367844614 129.75816705389207 0.012375565935148103 -0.9111967421750613 183.13608099207389 170.50814136338079
216 -91.143701628667984 118.98050241105994 -293.04886877044794 -183.55820672434822 -495.80423317709614 431.44779713113445 -0.22807666409241723 0.28327403376570359 142.0976295184189 108.52964386459263
217 -80.492698543921648 -57.336426029376582 -301.20937516060042 -57.12071232905771 897.2078569121893 453.42383576632761 0.38492857366081812 0.61450400500345803 27.967932219288308 23.689269627435337
218 -349.25858155689934 239.88261408045329 235.89840868830015 127.87746211593686 745.88688550526149 -786.28272495640897 -0.82045688809020478 0.84302912556323029 316.0420132573239 299.99914971090743
219 -71.568766960017172 356.25833108238885 -19.246767610129023 -52.801373810257957 551.81758075860671 -63.430030701390706 -0.64367545564283835 -0.14130276597893032 325.40632421402523 358.79243056877385
220 -234.14207813660184 323.51421796020804 281.69821127527814 -299.6199925180706 -277.49874985199392 561.90641298071978 -0.95279327289160398 -0.99362148900631597 99.354993013297715 121.99305294606019
221 -251.63773231279106 344.71440116300442 -14.823945571274777 -260.13977148890808 -515.87731997646904 -655.16044223959841 0.1468093947692839 -0.59701443287613953 255.34352819688968 217.65453985535905
222 95.875556708966684 381.94818362329829 95.337405981015706 -211.58844667201589 -604.73920459827411 -392.69787550814567 -0.039105472616313808 -0.57405084742542711 227.83369216278155 193.93034516466662
223 -394.24570682437911 232.75697176512597 48.613039331290068 181.36692469387771 -187.06725086998986 -491.45098179578724 0.21557212643936507 -0.1661272949499244 286.18012248647165 250.52910835221917
224 -175.40894979541619 281.21445808307828 376.82925287104734 227.04465880483536 715.14374241169946 168.2185496158917 -0.49930895031866696 0.6914549620703534 352.26947691857248 350.8274880422743
225 182.4752961595288 -284.49317706537005 386.44404080294174 352.58842604858478 -228.04184000403967 -93.692858473747975 -0.18068609766396304 0.0081916813620206419 154.89123238517507 215.99788639626709
226 -185.16677862686325 -271.80374344103262 351.51914830642301 136.78647784514979 874.55804729362262 356.83569249702111 -0.35050711365672504 0.60204746789869112 30.326337603803768 23.419165925683181
227 -205.3469149995986 399.03604098731222 -92.613333264550675 -66.877869088085788 344.58325263240641 -351.38391387044913 -0.11051156767983983 -0.30257648082419575 306.12456369810491 326.64332390141669
228 -380.97401416359781 70.199377993197928 60.544672564230062 -120.58759667209796 -232.41985430031633 -831.48615383782089 -0.38243711852649698 0.47358791285575585 278.9730939538922 248.07680624607843
229 -7.2578854633927214 -251.95545265488138 -294.02395951694575 -14.212148785119449 -50.206582667977237 -71.727386258188105 0.17997002842931753 -0.30192414718933791 103.58367484627189 346.42495229208009
230 -84.385123651107548 -136.94743297360228 98.254200541896083 -372.67420831087622 366.73776121695636 544.32080549842374 -0.26850032540837598 -0.94059375294649872 56.219730461716757 72.740099415026592
231 162.63882448070825 107.63148975302582 202.79951790621391 -288.03796151923729 129.1546523762774 -206.05598827694686 -0.87548128369629952 0.26991772366778388 263.03162474964347 132.20344850917778
232 4.3242400960882499 243.81674080109121 -118.53602908183971 -73.145796702479956 -432.34959312206155 -21.837139464767308 -0.049591397631305156 -0.85748321841419473 211.26497004635365 169.85679284531483
233 367.10427242061121 258.48670524606302 279.45565152061602 -8.5921140697554854 -219.80252301007957 403.98349335462586 0.97572966130483185 0.51097641758190537 167.05254692279223 140.94142305465544
234 -326.98753863965368 240.55267286978551 -36.228197287442129 -390.02972813662734 -442.18142689768734 730.06182707318578 -0.025321082246567483 0.4930453871202185 103.2168916800902 110.41501087587878
235 -47.098964340763501 -393.71440310061132 84.325313989424174 -173.81985147176238 -649.89925780583769 334.9892154266135 0.22314826477586647 -0.50541794352808012 129.82147861351879 144.77307412747331
236 -362.26442408595727 252.20581299408059 158.09015647999837 -297.6897958726106 508.45567903714755 -205.95340132322036 0.56994753817022392 0.71505257755782692 332.81730855417987 15.387466108313436
237 -274.50808974617098 -14.938829217788552 214.5654704659255 365.54374516850993 294.1573534325193 278.30581495510768 0.91159765939311543 -0.74665610786845438 28.190472219661807 311.62923325689997
238 92.413363713308527 167.41041287577687 -91.956662980296414 69.316576512068195 -91.06714517725149 -774.06273065437767 -0.23146504376702559 -0.99648845648901196 258.74058489152736 269.06394176344287
239 173.27560740896394 314.48581661351733 -257.10119122452807 311.61017170576918 -455.2457572739018 -852.36158895224708 -0.36221499842277938 -0.11660452975561841 241.32869662010003 260.22246367205196
240 271.61887001910492 60.880785648763158 -332.86730899504494 -231.36304883399336 405.01489743949895 -14.492573062147752 0.21424329076237258 -0.71365702296518885 330.74629631109809 15.66489807326465
241 64.016162794239762 -144.25725036786145 -361.98368208581479 -101.73093909535336 165.56371164120347 141.68109421010143 -0.38718046526647965 -0.089192433984350616 70.060939716211706 24.679556853593226
242 -137.65604718507029 -23.08707103052452 230.27568261382615 108.80177777843585 -99.648011231783244 -577.6913653589163 -0.54542396572819607 0.51226581419798256 273.37502954774891 244.84365941088572
243 -169.6446934870531 158.58197367736534 -281.99943305918407 -286.8726489177651 618.49128640819424 278.419101225546 -0.70760003175562081 0.81471709419362925 7.938077359114474 32.93366142658023
244 280.4021661811891 42.138726671108451 -104.26871478501143 -222.13128291531251 -289.72698413251845 353.15012785833653 -0.59275540695385542 0.50684327912302751 150.79431698998545 108.37504078489398
245 378.09790190653797 183.11787107654976 -337.87133951382799 -197.43327815702497 -686.70064940402642 155.31801143470872 -0.49867763248042274 -0.39476189722862598 180.99686616757677 134.28494625938973
246 -377.05624605654259 112.26535230569326 150.40102250699255 47.912113695297265 -707.74165141763751 361.93344631778251 0.85712765256258416 0.81022333492323395 143.80425546661246 160.71106482852636
247 373.85275073110637 298.55917162935475 167.00623926887116 -259.11473574990129 896.6344180733081 -505.15716699942453 -0.23058577993311946 0.87982911742158754 302.81162240808311 342.24489013269118
248 395.51334646888296 -151.96117452394208 350.95895897328074 -270.21282123591232 -477.25583587447011 -789.66136458769665 0.37757245138145534 -0.85425764750026389 216.53179172561096 211.24129308894248
249 43.273214826655781 -49.481223749652074 -153.77504272312495 182.69327992808658 252.93779180661485 -261.31593372860095 -0.57316040824098669 0.66814522790816455 314.13184890726683 313.15785690849862
250 118.88051953279657 385.83927153274624 -244.95398224886307 371.98856234553733 809.60852476759248 752.70812313498186 -0.15285029280932871 0.5679314125156032 27.821422529133578 20.418595078239466
251 -11.302558950899666 255.89998125193185 -189.12050606453423 209.30639209953367 -609.33326176180151 -372.42255886869651 -0.14603724810755625 -0.70038069990390084 226.26892340305756 233.45710030536617
252 -179.39909394797482 172.13749596137183 169.23963380429959 269.24707135115062 734.78946480997388 -438.19810341064448 0.48744558997725318 -0.68754125356753271 326.75936126548243 307.95219623670698
253 141.13794065126504 -385.25517346863813 -370.37532919066871 268.97452470562848 401.19932429334921 -361.9581252022669 0.49775506917002432 -0.3741388372620349 5.6168116768692942 320.35228004887301
254 46.874342586893292 219.34909696460051 -246.83449911076164 -109.42793816062144 -264.67396426070377 311.10917633575997 -0.5672461402345681 0.23777504635144853 163.02151212545641 92.666843915789386
255 203.4742712736053 -215.28613614833273 -108.09928989487415 -364.673270775444 66.79074722224118 8.0691479811532361 0.37166117383654584 0.083079687749810116 121.83644398606032 64.947198942714479
256 291.1720443327207 276.1376619643313 -306.80133603965743 72.260382619615896 331.59211573341253 -66.387100671346928 -0.4493959774133589 -0.69919052321171393 276.28074058811188 347.04749447915259
257 201.77292779216538 -386.59413069974659 20.742528416180939 395.06789954670774 396.82584680799391 -600.62965485476775 0.69727073286755981 0.31347207178008141 313.04052602842353 291.00544353199984
258 225.63131850821713 -186.05835744889134 354.00363471301637 142.72880250164252 -477.18421327141095 -277.11871237404443 -0.64578374571473596 -0.98056753517004891 186.73662242165784 205.8185713690047
259 -340.69231224793606 -277.89034475548016 296.63569707379469 87.384899467509939 -100.03689247587069 35.247030437374114 0.88510015228265759 -0.21695136684342997 53.341747147889173 187.27097031691474
260 -78.915301591082269 -258.75337604970349 -281.66458754092571 -381.47693373476142 97.088480758375866 124.40353754899695 0.054398045836439479 0.47748773539091682 65.38263271417496 53.655263844205301
261 -281.66718992943692 61.998593538664082 355.74155193738352 84.980732981836667 499.32117075861322 12.683673410231533 -0.78081340277266831 0.97009028772585992 355.60608483004779 334.24333257530571
262 -121.25349085204169 -261.06919243512772 57.727640570497663 -303.8409927753649 -230.01378587924833 83.747127043347319 -0.9845736407029535 0.7738231737927932 106.5214908901488 127.36363539402636
263 -206.78518139402772 58.793071196129709 138.6362343443972 -74.580472402655928 735.92336223458653 502.46978309662995 0.3250493465091997 0.17762531269310222 25.528619174000234 44.190368464031714
264 239.06434935510649 -326.4268613489391 303.41699832116075 -139.21760825855597 -810.80741400999852 -242.12646747133113 -0.32471574039099638 0.99991285418701414 175.08451761996972 186.2767342150282
265 -169.40925453035936 -124.86362955889322 266.36645649930995 248.47954322968152 -69.98678891835111 670.04786255701617 -0.97009352014951289 0.44904147313524523 81.900736399971649 129.03406960220602
266 -336.3240204969639 -263.07077110235957 369.12964949097551 389.86633101831558 244.97256774663504 -93.144693315580838 0.74536635746253865 -0.17137854061697544 17.040195976591903 255.41293916426571
267 40.565012997898094 -312.08430231806716 440.56501299789807 -262.08430231806716 -324.29680429679757 -456.02579397087277 0.46442190491490654 0.2995150182468076 201.99413245968375 194.52779191394959
268 269.04735441450924 311.69623731441936 -311.89565003657879 391.91027168234962 632.60838232675314 -265.89533340978988 0.14179516353669963 -0.85313994082509526 302.32987506479054 324.2913419607342
269 -230.44555962540602 -146.92852699948142 8.0262433919327414 -328.34015175446842 881.60676037693327 728.23045382731993 -0.22272016621566304 0.64520267213983318 37.979191972027543 51.061004340485617
270 3.887838133840571 -205.80737007284205 38.013595801197475 -292.04647352195065 244.04532432677212 615.21834197543467 -0.91495591952295596 -0.83212186889116846 72.780366159069331 76.373509993763449
271 -194.96166385460603 -269.86644824196571 -326.30253230392088 203.02609694347851 -464.83996292178961 449.84385240075892 -0.4175703400335633 -0.11082823163679456 110.13756309978798 119.19442645077683
272 190.15579535143078 329.98412744504606 -32.346607370225477 -121.76959136915056 285.9857838179106 -454.43708040528293 -0.52753613595813786 -0.70324289989809974 276.43757456539277 313.03530081261641
273 -172.41404654432975 48.118769709296494 106.48375060767998 346.06095468306285 -381.84032085981983 446.99663389252856 0.25984724381419277 0.89526895452005473 117.961053656023 169.21680149475409
274 371.64573566580151 -23.421639584779719 -75.784251797250946 270.6986383122703 -860.18340388027013 425.97206771412635 0.68173171527754972 0.77961289903735564 160.63884116822192 169.58254994013416
275 -383.976370709565 89.786313633164298 -75.735596573362685 -344.73953894374552 533.09864197265051 -160.45589363624623 0.15045373963058806 -0.26993651580735056 344.88772677959656 16.570224009364281
276 -160.7619246225627 242.94109790276454 261.57021307037451 -282.24923251357916 12.976183207007841 -646.43221811753574 -0.7632516450341682 -0.747907658946104 280.290214849118 234.93435486087924
277 230.62400718655195 227.78224297775492 -42.792765581572297 -256.45281908012345 -854.79827301267346 -759.91118655537286 0.83310417228566913 -0.34591175978528232 223.13411909924062 211.45376318385112
278 -304.53850185559605 341.78388867601467 340.07586817040095 -52.834202121390383 -303.87145931710705 -485.01379994592247 0.15942613595410071 -0.53295958694434376 270.20565112478147 213.33423077256472
279 -204.82908039140773 343.203883917052 -352.10960489389498 -248.82015695762493 -759.04964078839441 -833.27850829443969 -0.80221491074450779 0.84048344921166018 243.97346923914836 235.99219797433847
280 358.58785054390438 383.57956508916857 -125.35891400689661 379.80405997572791 759.51059777104615 -317.51706866833558 0.17355059779950999 0.26776138928023641 299.93667026097665 322.02789572707491
281 -258.82584943984455 215.94764339912223 90.289467316675058 -143.15840116361471 429.70929944023538 -86.37682495051402 -0.74113328344207496 -0.15906053115476548 335.55337821066803 9.3380126128360548
282 -306.31017033091234 -72.278033088560363 -198.77338088874444 -342.22806534377401 -641.27448153556873 -716.04832695897221 0.49188428659798689 0.74231416020139918 243.0031798185951 220.93308516702112
283 -193.69536000573282 -68.685090301159761 319.58457137779385 -128.82615793954716 222.40284382108578 397.10863986987209 0.19739406872346899 0.97743090239364738 48.422659754452958 101.44640749409726
284 -349.9337485796998 -313.95958115490396 389.25800751258288 52.553276738770819 -229.97548699472895 795.065064688912 0.81967141068427019 0.76539645364788034 84.646243137439924 130.59253171289507
285 -377.06756276621564 -73.772602083881637 265.90078385298767 -62.406368325064498 343.82370618734626 580.80025196434713 0.35199413587179107 -0.43820856671749664 42.591598675520679 82.654209013452686
286 174.63985905966464 354.00114995262857 -58.238277305640196 -152.58302982805344 255.58041021130762 -462.07111716287375 -0.32926529488548217 -0.25382527252799258 275.33498078070988 315.14424696228201
287 270.44015479782593 196.15264986606712 285.52021966036591 -397.25851056355748 -572.96728612608422 743.77324917308488 0.19556028507353518 0.89296204707826532 147.20008058829072 127.84996981754783
288 -89.294759282949514 -237.6530305923005 115.48422248634304 -234.55765548134249 -393.10231390747174 -159.92963214165238 0.5112500782830296 0.085304814189298694 166.160999929642 171.73751676858944
289 52.722432846552095 -10.599714035499019 359.83911664744471 397.64179134121463 1.6346696328798593 70.668363845678115 -0.9849267766834422 0.52630625501391104 121.16988061913699 222.91651982772936
290 160.11590942671319 -338.55998610388525 -295.85908411009615 -354.3276659430793 -126.04826277154456 121.81325687344318 -0.8418797698943794 0.90024157852955966 121.02286004254952 71.271982211587954
291 -357.64202110903199 -275.40465050077773 231.11795134877954 123.32143357932752 628.75138019000349 733.37472598852219 0.9668084151013574 0.21626691680681676 46.609644010076934 57.119912502088766
292 59.573046376310934 -388.03798508089261 -21.07789699777749 -174.95366001397139 -788.66460629269284 216.33990941366559 -0.90941898677818167 0.26000279070272159 143.62032502562849 153.24882721020171
293 370.46165577561982 -66.542560807803227 124.47457861732288 -392.50725545064779 -259.79541518549411 -701.30582068752085 -0.49208862137622345 -0.9503547050446064 224.71200652904037 217.83493145244108
294 -6.6216084236121908 221.8370458146027 185.3435453590416 387.17878682522615 722.84051940419397 372.42050959041484 0.52045459151484019 0.16538050702661722 12.184232205286696 358.59258170701628
295 -385.80569610903683 212.09223531177912 91.308519233446191 346.61494374665506 -564.53372068045326 777.42647892392824 -0.6747471875308142 -0.87139151917364188 106.8693819156038 145.8283822906134
296 106.26550197946179 -140.66498366062206 26.121402382322856 -98.20065702939101 -575.09896644060393 642.45771156639785 0.60492779102281724 -0.42737899681570291 131.63018412595935 128.64016360860143
297 -132.8043970942602 212.57435132916083 -35.297931395058328 160.32652061768786 750.92162044780093 606.48937018273784 0.19521373253615515 0.57597745592887639 24.219820043950243 30.149964857474863
298 -251.64424150131026 274.39647008204975 -200.8928776344078 -61.624084630898679 196.02314409849916 -315.80942489193882 0.65363141657421786 0.1886982885646582 307.83371524888895 327.55316668339094
299 359.77103593848926 -176.82798327401787 160.32052819511858 -276.75941923166664 -591.20706598822926 28.114925818528967 0.80179357607234536 -0.055379304352183523 168.6401236660555 157.86356161706573
300 46.351214414531405 360.62317105216965 -237.12920922330207 273.08728936413348 476.18393925114253 299.93597401357312 -0.24115212841557487 0.73209472562985267 351.72249284502857 2.8876563874174406
301 375.80383632460467 -91.722971027013145 -66.350173054829924 188.86934658030637 44.087781355266941 -528.08062370652021 0.78005266531549289 0.35127596088967294 233.53820807702203 279.10820812658312
302 -47.1529369700975 -70.37762486697136 104.35970994690953 -152.74112724328236 214.74330093995951 -689.68534535096694 -0.21717419217786826 0.61545899944964089 292.70562164239129 282.23232942970202
303 -288.91938334673313 160.47488134898327 171.18402510962483 192.90634649618409 -841.52880383164165 587.56265840931064 -0.47999781628429372 -0.65293720893316731 141.82112637334669 158.05609591888845
304 -316.89764128041293 77.392492978676415 174.23079949367494 110.19432564716053 761.833006298859 -204.80862912745454 -0.79287291149958672 -0.4166590354748454 344.546818125051 331.38838387533383
305 -241.97567379943186 176.7227691527265 218.89677312191145 -15.841480231749561 -427.36117108858969 -79.230632044620506 0.33839305679938381 -0.66003985975095714 234.42280661621743 184.94198040249529
306 19.008923681340306 -210.48001449825273 213.11721011726189 20.607409174365632 -24.362878598421943 27.740173902580612 -0.31215242279416922 0.70871650119776497 100.00643928691277 178.98834283659824
307 -382.29724097642304 -185.86705315539288 -149.7316527645003 -254.5538253412075 336.55017810259005 -853.6528753923659 0.22099699363820857 0.48237928024166843 317.32991273758432 309.54822156904856
308 -179.20665899256969 -180.22439534724555 -35.237533409428949 -129.08156415227072 -414.67147681526785 264.39997190182635 -0.45140871794254522 0.38972794585211235 117.45345571804789 134.34850262730444
309 -105.57364248022552 274.19336719925809 357.92614521936974 190.5588574388652 -268.52263933876247 183.92832976569466 0.55557498765372926 -0.27644210320150875 209.53968523721213 180.32997150228317
310 36.367916098961572 -300.19859164379994 -10.86105435178073 -70.667126995334513 -401.33257910061218 -490.99934558366169 -0.76087108558828453 -0.82222458731405834 202.79229793151401 226.28694037003629
311 -382.60937645130053 -309.81054749156334 378.96966776272467 -260.810867963215 -200.84040997875675 883.26735816143901 -0.19470767751479556 0.73291624322329318 81.142723592477594 117.60845857546083
312 -189.0134146324697 365.8536422532955 -45.393864011993834 131.23291325927147 -322.70272652107207 -527.05514510473984 -0.6041390721336839 -0.52595213623001302 260.88059696030757 246.6304179697284
313 39.09221158666405 50.712530460746748 158.56147526844327 -80.175408580674556 -656.16453974035107 217.43748446314061 -0.77753944969724897 0.88810192571356983 165.73737695620642 160.82125781884906
314 208.11081656403144 58.472160804310747 -311.62033450867671 -23.479069497880189 -623.96029266060668 863.7777752802067 -0.16655771511137374 0.3143854843019156 135.76994839976069 109.70792194242827
315 -307.59139514216997 -57.168000683860413 -268.95664921908542 61.135811377103181 867.07361151513044 -114.54876636322491 0.41707969964906666 -0.82246915287014777 357.62048287097474 350.38650518333532
316 -199.95668377276692 -299.65550565166109 200.04331622723308 -249.65550565166109 261.59450545667283 -66.496898664283563 0.15609204011081745 0.22404115688799608 26.957310968141048 71.648910694917504
317 -131.9063758244761 281.83125149831005 16.15715146610297 299.57179870400569 524.48005584687269 364.24361041705004 0.012783718524908894 0.66634731829280192 7.169087283289918 7.9168986512094062
318 146.33927050577657 197.02659797010318 -350.27799845760546 -81.979918988022419 282.24686181185621 -772.30976481480172 0.013421940677627031 0.079810184186115629 277.99465542111619 312.57773940325814
319 -192.15957737280061 -166.27224858929611 182.84049314172623 -335.03542813617571 -881.26603745977241 776.59982207061671 0.42373794333911508 0.11322001353585631 126.58527300682009 133.86180221185299
320 217.83565517010749 -186.66424466170656 147.58628348836788 76.937279701837994 -361.16197438863713 -376.06629610293845 -0.028823102488067631 -0.82440729007644564 198.08516374883374 220.85834873091227
321 173.48345577132082 331.71836872110748 325.21793191511915 71.248390371589124 -518.25241477305235 -884.62497511735307 0.088057030736973685 -0.50466058059733254 240.46111704496008 228.06989871083007
322 -168.86581740235309 132.09045008812978 -301.67288079867296 81.470390829999232 443.36470391210247 -838.00324106461301 0.12111906498693625 0.44320356150490214 302.37732797194894 309.46060603398735
323 -53.465307629356488 -158.81619581212823 -274.80502947475725 364.31718026771875 -166.90202624890173 -548.46135966917461 -0.89839761523788719 -0.53091699246261959 252.86983169540537 276.21094525730973
324 262.73752257447478 -251.80954531548014 136.58675645873782 333.28013308101833 -207.73868163881741 54.307714789252046 -0.68929813898461578 -0.54366155700310315 146.26049714149693 218.47072449148038
325 -90.711555712962706 146.27963369872415 -11.780056099622982 279.55664634415689 445.98204695940444 122.19525095771198 -0.13226442923366699 0.11805805282785276 357.29828386372918 341.14701528334763
326 -52.579190226604666 -26.079797794070902 -156.31203257233653 -263.14395512621678 835.65371484999071 -814.86562277025143 -0.89859242176676046 -0.78132807546275718 317.49506865037961 330.13628713988305
327 -80.271671373268205 7.6648582890465278 -155.6641343047917 194.96381237294295 -251.7203849158262 -678.91020406365305 -0.14326352113444751 -0.1111298570768593 255.83581394344529 263.61609934280222
328 7.237705730006283 -161.7296585346879 -70.31409312979973 -121.77628998055275 -573.8114311836631 -257.46407706554982 0.28910647822446878 0.95198068420329296 189.64517774373954 196.03434763314536
329 -5.8807084741143711 -10.308965619258181 -177.11696001914027 -79.524463185753376 715.23012052892079 -541.43417161933223 -0.068991017880373873 0.88893543090594007 323.55796810156431 333.52128878041509
330 163.53282101001048 88.012116254374902 36.423318453384738 -387.34491222120511 104.9014004042895 -267.88733747920418 -0.69972361373978087 -0.18682976752585301 259.94530862110031 59.990030323829743
331 -11.21749448965863 174.68769863749739 80.866642902681193 -204.69911960840363 180.55050485457991 -17.443407172043845 -0.17610078432055198 0.23510040353392458 314.76970669089235 62.206904609315096
332 -41.330710714938235 126.91678620171274 341.11491354777701 43.478508612157896 245.78974236031632 -396.56304926083908 -0.33373502496354224 -0.75611377814840708 298.4103402775994 257.02089849171858
333 89.606180646741507 -162.12421901081308 -221.06479679205995 359.64921815908946 -274.36006536638411 -439.89412630162548 -0.4446077045275143 0.28017347470362841 216.90535744694972 266.46664235395383
334 10.289236282295189 56.368817649606306 -144.99841382198105 360.44738794431169 -316.60131995021112 -762.75865762192245 0.1988622611819173 0.83893787388019758 248.44332117166056 262.15248447012942
335 -249.53292740909694 -276.04135108852421 -385.87919217126466 314.47224986251695 61.35830112979199 461.88354810708745 0.98471192113709627 0.57842294450305154 68.138791239444629 18.820853183284484
336 108.58786596486834 -171.67794873974182 -335.29679391268212 -148.53058651121637 -837.17744724299052 625.68019507326721 0.50690832545210363 0.35031094023830667 140.37325794985188 123.30355779864558
337 56.22578410769723 98.059751469344121 -12.446524526726854 -344.6143752586778 876.10431885502805 -559.78462512405451 -0.91184382442042211 0.030782601776027763 320.3457106663239 346.4181626571667
338 -305.10971044242308 -97.562115823556809 265.12662718271986 -64.997884207708893 -451.73119452619949 42.049663229042778 -0.63080716490898303 -0.30871470758873998 135.77205652952043 171.19813178844277
339 365.72830854773963 -219.87627556650136 250.03811148165349 337.27236749089718 890.08590421187102 -898.9276691059622 -0.99311398222278924 -0.72774080625087434 306.6818945426096 296.64531200500136
340 79.419839517534641 22.984368472599392 274.44856123181563 -348.60790319534487 -79.715391965235114 520.89770490930061 0.28933482642177322 -0.3158320604935172 108.01343686728768 111.84604489729301
341 -239.14742071823002 -69.844848324708053 -275.95138786162261 -267.87239446445375 576.40723754619034 -796.06881861697843 0.68783272223426795 -0.72422341597444473 319.00384410764474 327.48977762469536
342 -265.62182143551729 -325.32999944699583 -138.84553235729786 40.146018037983126 -107.92943911397902 683.19319356384005 0.27523143998909783 -0.29246641327274014 81.388436926576659 86.955015859742943
343 -45.090810109732082 -224.29236040311454 159.23678776100357 21.658563255084395 232.5636255841095 -843.75397374287752 0.74889482706571431 0.78629387517311811 294.8917216694702 275.6294260521596
344 178.5129782042863 -332.6628460519334 -122.45213136189328 -180.41616166772911 -139.19392744456735 -716.22494323320097 -0.54314118307956361 -0.10503455562658548 229.82169176772132 268.10529288747921
345 292.97747445608178 269.51332063053479 121.67812255837562 -382.27177502174288 -3.9542825854010033 775.93133389375794 -0.5084894949961094 -0.93081658719333937 119.87619575851939 95.259956414489565
346 -136.85273400299531 -45.725452655343979 366.66746665247513 389.30856923629182 -750.21857691999458 224.38300445572835 -0.20200063478748342 0.40550876422377691 156.03070405444365 188.80541753895102
347 319.78552440959697 202.93073320050379 -36.785531876312575 -370.15928417286671 765.6129220372502 782.59028369162945 0.28368553164964871 0.77134003817211405 52.719103091367892 55.930585438907464
348 -135.89089295158621 -120.66228050869059 373.05979531430938 -131.1542718406792 -82.504450347099151 -314.67187798437612 -0.5680848208050373 -0.12616835858841613 284.8174470752204 201.81517447288607
349 202.38250161807974 190.66855583745638 -362.26661697598496 -138.08063420223357 552.99027311168788 596.6521598061222 -0.34645346628849705 0.60032313046463126 48.839629293712811 39.356470903892806
350 177.08957443709954 -120.50502107316498 26.131955938037965 -261.96578844508906 -846.8576565462763 -500.68423421811701 0.1500826888310951 0.55589961819641531 200.51943463396017 195.84951924947791
351 330.61649190106425 312.66082192484782 -362.72410587866108 287.90029088355624 -712.07765032630255 -750.52402846810025 -0.37589928993786437 -0.41683013255739132 225.1815848066648 250.9888622513979
352 275.86854327847863 -93.598527798638372 -166.54231901713095 30.915432890058803 797.69767478563801 -392.85147899890262 0.65463689312697171 0.45702670260802436 330.82169245878077 336.73236286040935
353 -24.7158933540776 195.93370924192629 375.28410664592241 245.93370924192629 -264.62204567762706 -44.832248093495885 -0.57885417411421214 -0.36941044339713369 224.52363387304527 204.06708801093936
354 394.31655737050744 77.644150541421112 101.60714763912537 -139.10148476054908 205.44765683487088 -437.0342459238197 -0.25129955659742298 0.95804139037454905 249.5973365831868 290.17336365718472
355 212.37713884385707 -54.458525440086802 47.677332028153344 -151.87742355296382 366.29907041082322 -374.43685959886807 0.68445841600027824 0.89272831725821411 296.37380915303044 325.95816903184533
356 135.63508903218766 -239.06672311090614 -49.91653524568811 -168.76538393709916 -237.93806640793977 -608.12339331552812 0.20928089021120089 -0.35105042813570697 224.86082686525143 246.4806366776748
357 -266.99034624485603 351.28449485827929 -376.58378546657156 398.8468366488143 -712.83882260196981 -101.21045772900847 -0.028547509887454803 0.48256050266177031 225.39535283388238 236.56437131451648
358 331.5869122083522 -91.550212681892788 164.66108731368541 -380.16781206450042 -856.12193474796993 -295.45323289320106 -0.22905859142229956 -0.22898021711999328 189.51238107250774 175.02692589414224
359 -64.178584725144731 96.758312602314064 -226.24397709995722 -95.959824375961318 -303.08941913157304 886.68558172018527 -0.66215036863628329 -0.8953801428633319 106.16561364963995 93.576199022095366
360 -250.04683649361363 179.62330563061002 -264.98243083660344 71.834660663448517 320.90456156318356 -401.89632339802938 0.64937929189232735 0.89836187856578942 315.12398815785303 321.94037735780068
361 -195.29130742300919 -125.40027523445154 37.145364916894508 -132.71337410809761 673.9195429418246 880.16569088643746 -0.054056894116128129 0.37782633930160192 49.10581981606888 58.221179202166837
362 -356.17781478681553 150.02478106296371 -253.23859379584732 -70.006898801445857 897.71601271128247 -547.96648446725044 0.62975153800898398 -0.86766997652865507 331.52685902642389 336.58057103295096
363 272.27528967617366 -326.6352000822277 -391.69041433953487 -324.97882954114436 394.32220783257009 -262.71131030968161 -0.68932996935924917 0.49910898871137888 26.954638299891872 5.028591971275822
364 126.98211719232742 -326.85375064775951 62.402064310896407 -24.186406565128493 687.31643718989926 670.03070078234214 -0.14700863098055006 0.10851820524036193 60.513280803700596 48.115881055054331
365 -79.975318004912666 -230.18516883807888 171.66589030737711 143.20817244305059 -739.31848485328419 565.02929418478254 0.82720636050493068 -0.17777249404310846 130.4906510640208 154.97625978590082
366 -145.98912593133565 -229.13892470071301 230.50820082155522 -243.08488492185285 637.38053487853517 -293.53708975361968 -0.60158817410083376 0.99315169278685422 354.69888729904324 353.92455166503657
367 285.9739864804111 -118.57380527609101 -217.28352580060513 145.17752294383692 193.59875191509749 593.26182968813328 0.22361273177130214 -0.185194854146018 97.617591121636991 47.294747950457491
368 -60.271229345963206 -155.23999290883177 -223.90672570592409 -121.61957964895373 338.27618758716551 893.37393538190452 0.75053498003678021 -0.58773323552480838 69.940204980999198 60.431148275080787
369 229.96440530881478 -297.38903772142544 306.29387237484133 -185.19038781530926 -27.727058225958046 -632.66323445346086 0.0037371407350785812 0.91773945991729033 232.45788786824508 234.17784311829993
370 292.69801076305095 -89.730503134914485 -324.13796292180706 89.049835482748293 405.57286489084765 730.59070556912684 0.5132520300807224 0.78064107389535176 82.678644473904441 42.101650728063269
371 192.22569303727769 -104.33438879343528 380.33483317844139 -176.91181237036585 -57.394736641557856 223.18759768230555 0.21061310257212318 0.36965066013551717 127.5234005763632 137.94129877931655
372 59.215385907982743 -297.73695782024288 249.1873933772541 160.98902707814472 -640.66034299166188 278.06655997320053 -0.54167465132075887 0.031176564807988694 140.01342493288098 172.53580599786366
373 -33.284934683380655 -254.71661019335795 -75.427541922516468 -160.81853260419257 433.55583771494861 -804.30539360967043 -0.36335371869253397 -0.94413141462672479 309.98243384163987 307.39905883780989
374 109.34695044569133 334.44798776653897 28.653355439913319 341.68564600609687 190.3136716329866 585.63955476630724 0.0088840816666628797 0.72669646777932106 72.143166192549444 57.195555790847465
375 -320.17436094077362 -12.025510680446949 -169.52214380685496 -191.91155190089796 140.87032141845967 -686.43241293205813 0.81804767807196299 -0.35101558847892789 305.17572438978777 301.76395730961684
376 -340.79666050587241 -213.50361289360285 -109.99498267512936 -77.44344528822316 -877.69453501433895 -561.67028795739873 0.068543124202121275 -0.4631797695068427 213.03108074279316 211.77851852219297
377 -115.06475887831388 139.98051872484467 196.77127802130059 30.372555039724958 -144.51564670478302 -134.40379774988855 -0.4068164450807974 0.98141877139708256 263.4668277197373 206.75308102974316
378 -297.82659181444143 240.05107339508402 -161.15670164466289 289.71139249743175 783.60705989175347 223.17344023264917 0.67190837878862553 0.72337470396694026 359.77778172914498 356.69479162434266
379 -142.13701375045744 -326.25449735068537 368.49898382675053 190.42663527992136 671.1584553986246 -885.15694477807563 0.54943870506732018 0.54985336858091283 326.05231169121032 286.26597409567836
380 193.74150262502914 396.13420770957555 341.382219527389 311.60353301239383 -244.95423845179295 -585.33524933582726 -0.10771594403296758 -0.97111254802424307 245.80866769578793 235.85590326571415
381 87.839762277915497 -136.33459904625144 -395.668636778836 353.63034530074611 -141.40072414148105 650.41614659831748 0.10062668871004865 -0.23613281078038062 106.34549539935502 49.175920793143632
382 -226.84552535941239 174.62036818655085 -242.35206075699267 348.34235241189833 600.41101088125663 86.140597008383708 0.45934935949431144 -0.53770986434657275 354.35444972011101 342.18024630213017
383 -5.886954792425847 195.15615979667621 -188.10512927480207 -84.295027970713392 801.70758180086887 -111.1570503196956 -0.76218076836511983 -0.31938715493093461 338.46654153885152 358.12607346969844
384 -225.45598169905796 -398.78448116009253 369.23034412282635 -70.327420117949487 -83.737309721201697 -832.86349194914601 -0.27683111775258706 -0.81474603385702582 287.8040601417855 238.47376319295989
385 -351.70083012954041 46.882625506380649 320.39884362685081 -197.89275556295101 55.28843004940218 -136.7515707614499 0.26233018910963257 0.83971784555909101 335.97735879142238 167.85292765049115
386 -276.48483425900707 81.617047129021358 300.36401763828684 73.9080623816875 -310.09861962556761 -781.4760124049709 0.079288854090274752 0.034685158354368584 267.84899031416091 234.52034343151428
387 -86.149976850745261 -127.15270118834611 -335.82952451922779 -120.28607274152643 108.70461215302159 820.53100380981664 0.67706215583963791 -0.33055563631348761 79.058321220019366 64.378806156477097
388 280.71017840397411 -56.861157711679589 -152.46008403082331 -20.337127979326297 -286.73397435406497 -352.58267428806005 0.62724520724476385 0.14881408745450031 208.15335898669267 248.14318433341828
389 378.68966246951931 125.95156915589847 376.95648828775046 22.281126431200793 126.06748419852143 882.26826483921911 0.73714699650662507 -0.40241404434133243 109.20731163739022 105.86143915037323
390 -96.059449589768064 213.84313813215431 26.545157365830807 -368.19926245001994 868.74784485055238 25.921822358683301 -0.55697566104746632 0.38415474509379965 348.42117938205422 25.462087186575825
391 248.74370918599027 -123.12509497754309 168.46430191122499 -187.66161654011259 538.81601464930748 -53.451341757992751 -0.3934517082203508 -0.97311548517829349 13.112814622803084 18.946691729008187
392 -127.78001911999422 -337.89728887267421 -94.650105933547309 58.225745778163862 361.22610539218914 -198.12796522011345 0.19819388334863985 -0.018632973253411178 16.149362047070603 330.63093285447081
393 213.14859490375397 70.194209417005112 -49.731137870184043 110.8073766303547 -376.26735054603699 735.88759562964037 0.80675267562034869 -0.53313540196302722 132.32896260526041 117.04902125827562
394 164.85362113347301 -295.35968715975633 109.12839093873181 397.45426933107655 300.88542717017378 46.807255571366355 -0.31059597180017429 0.98220999894146299 68.008626664534091 299.65497292442575
395 -97.856845023752911 -93.34545919660809 -0.76498954724506518 207.92855903135143 -707.25780466167498 -415.98081049119389 0.15622672835937901 -0.62471542911442168 208.05432860865946 220.82326127807156
396 22.183139216059722 117.55030621602299 -209.06539866976672 -180.93666398376706 268.81978575781289 -123.77785515456669 -0.25126556353256047 0.85785105074236534 315.37202077408926 7.6784725948591062
397 99.590547132682701 -222.91463204173309 -224.65850475491013 74.173571636929566 128.99910668375381 -584.59320740170642 -0.79409205407006644 -0.41554470689981016 273.85447624514541 297.81349255227474
398 327.41669925162336 233.36627247099102 319.6653979923118 130.19123435744655 558.77647919351966 859.52828667072106 0.58085677205246111 -0.48408054037496062 70.302155777054153 71.364335833083516
399 -353.29896266797033 232.37734605367618 358.44862065705991 -143.96760500405998 249.74384626789879 -502.47201512877808 0.27201226197317685 -0.857337282601911 309.64549915299847 252.27444628754486
