0 127.71500961571343 1 63.857504807856714 4 1247.2745190036512
1 29.763568333325839 1 14.88178416666292 4 155.46472687644564
2 39.411480724201141 1 19.70574036210057 4 102.05501657133709
3 41.315523899311451 1 20.657761949655725 4 238.74995031428261
4 29.767322389154412 1 14.883661194577206 4 195.91195441088712
5 51.110835270965715 1 25.555417635482858 4 437.0737356132845
6 41.854022794439366 1 20.927011397219683 4 221.90410344095426
7 46.225126525480746 1 23.112563262740373 4 326.27330335220176
8 48.935222167334594 1 24.467611083667297 4 782.70304065416713
9 486.15548666828937 1 243.07774333414469 5 9541.8865359446791
10 133.27408196240307 1 66.637040981201537 4 1998.2900720405742
11 78.410358354780797 1 39.205179177390399 4 1218.8652953472338
12 252.54682888246958 1 126.27341444123479 4 5011.0572378346114
13 29.459071723712857 1 14.729535861856428 4 25.663627087174973
14 246.12937530794653 1 123.06468765397327 4 3802.6321994250429
15 724.22582400249473 1 362.11291200124737 5 13238.542855645421
16 93.710324879467606 1 46.855162439733803 4 1057.6131609114236
17 41.063194298447335 1 20.531597149223668 4 336.02482788421366
18 132.21861267778397 1 66.109306338891983 4 1773.6304422387038
19 112.59727828998749 1 56.298639144993743 4 798.79177470427021
20 256.8283409297922 1 128.4141704648961 4 4661.5294647911651
21 523.76001893356806 1 261.88000946678403 5 14556.387673225559
22 660.1864068571972 1 330.0932034285986 4 7335.9513495475403
23 31.073123869307992 1 15.536561934653996 4 92.121410888787068
24 842.79450194050924 0 421.44693095810823 5 20308.669220590004
25 79.814538701119233 1 39.907269350559616 4 822.62418130460719
26 151.22441278651257 1 75.612206393256287 4 928.47619830527765
27 44.477621397297142 1 22.238810698648571 4 267.84239663484345
28 484.69915719277964 1 242.34957859638982 4 2664.5972545878085
29 93.137451833036124 1 46.568725916518062 4 1054.0669762080506
30 226.90428550052133 1 113.45214275026066 5 6405.0392646348919
31 120.51323779428463 1 60.256618897142317 5 2757.7065336150699
32 200.04479624257306 1 100.02239812128653 4 2271.0236931639292
33 326.79321676001837 1 163.39660838000918 4 3071.2781132659256
34 226.13844094061224 0 113.13548332897653 5 4579.0115485149727
35 132.38574553388463 1 66.192872766942315 4 2700.325097077497
36 135.69761107779419 1 67.848805538897096 4 1983.8370577996538
37 62.637452721155796 1 31.318726360577898 4 831.31025762914214
38 130.38268038176557 1 65.191340190882784 4 1741.4736307520252
39 22.985911150607926 1 11.492955575303963 4 213.86812328727865
40 17.311979399385841 1 8.6559896996929204 4 117.76680292762558
41 37.622422842802862 1 18.811211421401431 4 38.11457057154621
42 314.2081328529992 1 157.1040664264996 4 4073.114105556946
43 239.5889429834622 1 119.7944714917311 4 4325.7105658844521
44 7.6535101040325237 1 3.8267550520162619 4 8.9402984046737402
45 63.645961390794632 1 31.822980695397316 4 804.46366820226831
46 87.081949769277983 1 43.540974884638992 4 588.05464594764271
47 273.43942088743484 1 136.71971044371742 4 4168.6932749679527
48 556.46610438680773 1 278.23305219340386 4 5808.4055633075168
49 223.78871026560452 1 111.89435513280226 4 2950.3950217716774
50 800.07676364442057 0 400.07205072800917 4 19688.794905974559
51 688.54900708116986 1 344.27450354058493 4 10868.525063756926
52 455.39463167015617 1 227.69731583507809 4 5951.4315826254497
53 324.59321321351973 0 162.32300745692319 3 5514.511952561239
54 113.18228381427144 1 56.591141907135722 4 1934.4406022118055
55 672.83217337765961 1 336.41608668882981 4 7053.1277394828649
56 210.30828690044211 1 105.15414345022106 4 2868.9246745932178
57 68.289884436450677 1 34.144942218225339 4 583.61411756410962
58 100.34955369179336 1 50.17477684589668 4 1383.5420204998081
59 489.2000328861975 1 244.60001644309875 4 6221.8870086293173
60 254.6178768186027 1 127.30893840930135 4 4939.5041246982
61 73.310621066119907 1 36.655310533059954 4 769.28445737807488
62 218.24057612127774 1 109.12028806063887 4 3305.9271789826744
63 157.73525515714158 1 78.86762757857079 4 2201.8625947667715
64 29.627710445027237 1 14.813855222513618 4 187.46047930982377
65 94.754561291336856 1 47.377280645668428 4 905.57235333826247
66 271.21819646438661 1 135.6090982321933 4 4100.0172292864299
67 382.45715113884205 1 191.22857556942103 4 5392.8754247279867
68 74.956731596736105 1 37.478365798368053 4 951.75787606018184
69 366.54311985869737 1 183.27155992934868 4 5122.5068402426004
70 23.966231508888587 1 11.983115754444293 4 155.37327505730923
71 16.698320036794907 1 8.3491600183974537 4 100.78749280985357
72 884.02423676919261 0 442.01784221365597 3 13244.453987211469
73 56.429247671006436 1 28.214623835503218 4 511.36049319892481
74 135.49323077877281 1 67.746615389386406 3 229.96685943863849
75 87.535519255738876 1 43.767759627869438 4 931.15947008038393
76 55.662793857065623 1 27.831396928532811 4 629.75185316968418
77 165.72230102557822 1 82.861150512789109 4 2327.4838026739744
78 411.12665764795031 1 205.56332882397516 4 6183.427451857664
79 53.33898802484412 1 26.66949401242206 3 39.781936195337039
80 60.114400371499173 1 30.057200185749586 4 719.86181849234345
81 22.756169578087086 1 11.378084789043543 4 195.74794992092626
82 946.84842783594286 1 473.42421391797143 5 12222.159365867061
83 102.49644749934872 1 51.248223749674359 4 1199.4676027177775
84 22.62177520730852 1 11.31088760365426 4 159.75734782819927
85 53.17213860722935 1 26.586069303614675 4 544.61294001793613
86 87.720077986568356 1 43.860038993284178 4 1143.0296554112865
87 600.59879124826887 1 300.29939562413443 5 16415.351835202135
88 17.129220174848218 1 8.5646100874241089 4 83.594093898251685
89 203.21887743561217 1 101.60943871780609 4 3508.7125044726854
90 89.586764261315324 1 44.793382130657662 4 370.26482612262771
91 896.26802709156652 1 448.13401354578326 5 16774.408900502887
92 207.38737410914283 1 103.69368705457141 4 1293.5878193372846
93 597.24978675073851 1 298.62489337536925 5 9984.4867228957846
94 161.17543347240536 1 80.58771673620268 4 2965.3584195236035
95 95.727785798801946 1 47.863892899400973 4 1102.7313951465749
96 27.512020584828189 1 13.756010292414095 4 203.68141739181124
97 12.004336274059003 1 6.0021681370295017 4 13.819437946294784
98 1045.4825968282355 1 522.74129841411775 4 16661.712761929506
99 64.21201120625355 1 32.106005603126775 4 891.76413836204301
100 199.22674928484702 1 99.613374642423508 4 2893.9849267886493
101 206.68250634488342 1 103.34125317244171 4 4005.7516020782641
102 750.73337472341836 1 375.36668736170918 3 2993.0615281106293
103 410.1105392312042 1 205.0552696156021 4 6464.2239315961124
104 308.37159648106416 1 154.18579824053208 4 5633.9907982219302
105 252.18409226213222 1 126.09204613106611 4 4128.2521493658423
106 33.474991119054877 1 16.737495559527439 4 371.72341689733366
107 18.215026743615006 1 9.107513371807503 4 48.382962052048242
108 327.77908760087615 1 163.88954380043808 5 8148.8095653513155
109 323.05049793558209 1 161.52524896779104 4 6223.8448471784068
110 336.83950139717172 1 168.41975069858586 4 5317.4739984970947
111 174.06309661802308 1 87.031548309011541 4 1981.6582442690415
112 110.04015716704957 1 55.020078583524786 4 1273.8584365650313
113 54.057295345583313 1 27.028647672791656 4 561.9574601190543
114 284.17534734864853 1 142.08767367432426 4 5568.8113332649518
115 24.907827353198922 1 12.453913676599461 4 105.83627906271067
116 684.70287318458929 0 342.3922319190487 5 16059.656286620768
117 627.06913157368717 0 313.53850292254759 3 11781.219239695842
118 1237.522689677221 1 618.76134483861051 4 23072.780690938263
119 360.35638669754189 1 180.17819334877095 5 7273.7307196101174
120 774.38128314931657 1 387.19064157465829 5 11417.014623017702
121 291.73895632598339 1 145.8694781629917 5 5427.9121144919482
122 69.025126829760424 1 34.512563414880212 4 834.33982509074849
123 514.03694515503344 0 257.09392923065963 5 14293.401426267999
124 118.19637683217697 1 59.098188416088483 4 1837.2521916035766
125 219.47571416479204 1 109.73785708239602 4 1313.4376963852555
126 1017.1288211879365 0 508.57602777778288 5 23295.862266318421
127 78.33570340393878 1 39.16785170196939 4 825.61040495367342
128 287.33918854405613 1 143.66959427202806 4 5550.0952404164564
129 163.24747351043771 1 81.623736755218857 4 2842.7846990706166
130 443.06859860987157 1 221.53429930493579 4 2572.6707052689253
131 82.037373506850571 1 41.018686753425285 4 888.99670161675749
132 540.63694443782458 1 270.31847221891229 4 8311.3654663116322
133 80.102672884086942 1 40.051336442043471 4 1313.2611874598661
134 287.07955433420159 1 143.53977716710079 4 4006.8702413567225
135 205.81086620097284 1 102.90543310048642 4 3963.6690278676106
136 37.576496829165549 1 18.788248414582775 4 485.54223533170443
137 136.31810094890801 1 68.159050474454006 4 2088.8786823566315
138 40.533153347115153 1 20.266576673557577 4 374.95726194929739
139 129.00535939593993 1 64.502679697969967 4 1725.5704825485227
140 1273.9371394612112 1 636.96856973060562 4 17096.815900523863
141 39.526336512837595 1 19.763168256418798 4 260.23770823796076
142 204.38598073039819 1 102.19299036519909 4 2688.1630801004794
143 67.633044104749032 1 33.816522052374516 4 696.99151003628504
144 57.634441816567559 1 28.81722090828378 4 864.3396354379729
145 375.05734903553429 1 187.52867451776714 5 10302.360278928856
146 281.47273936489017 1 140.73636968244509 4 3640.2632643864999
147 93.08824001972188 1 46.54412000986094 4 1389.7244109842577
148 103.55088094532536 1 51.77544047266268 4 1234.5651022033562
149 25.4133583217791 1 12.70667916088955 4 279.58080821730255
150 99.884001852133196 1 49.942000926066598 4 1182.6054855201146
151 159.57420692746365 1 79.787103463731825 4 3063.5569508771769
152 91.113699707950488 1 45.556849853975244 4 1476.7160471943789
153 943.40273482673922 1 471.70136741336961 5 12182.66284498501
154 927.09576733683264 1 463.54788366841632 5 15798.701427098524
155 192.7653427440637 1 96.382671372031851 4 2738.263022524101
156 82.82811769673576 1 41.41405884836788 4 1138.748676567935
157 527.2505013368035 1 263.62525066840175 4 8868.2531776355027
158 96.464519658289774 1 48.232259829144887 4 917.70966828550445
159 140.42665289490714 1 70.213326447453568 4 1401.1562225994712
160 19.359633095195935 1 9.6798165475979676 4 93.099120179977945
161 33.397280586713485 1 16.698640293356743 4 234.34307137980431
162 624.65030523268763 1 312.32515261634381 5 10900.269333227334
163 60.113490194013067 1 30.056745097006534 4 1007.094266961838
164 173.72918740420081 1 86.864593702100407 4 2885.1304755583405
165 304.78863620953899 1 152.3943181047695 4 4474.9413296326493
166 89.213224269708874 1 44.606612134854437 4 982.23738843250612
167 105.90700354613705 1 52.953501773068524 4 1257.7556071247964
168 103.52737626707321 1 51.763688133536604 4 1025.8626955987711
169 17.104566845538312 1 8.5522834227691558 4 90.286683814720163
170 68.669581517906153 1 34.334790758953076 4 965.08124460822728
171 142.34312091797611 1 71.171560458988054 4 2150.0509040397592
172 42.338802567165871 1 21.169401283582935 4 376.82671985287016
173 246.33148066154814 1 123.16574033077407 4 3174.462314524113
174 46.200086589927281 1 23.100043294963641 4 607.22129097399011
175 193.86365601855502 1 96.93182800927751 4 2418.7961552612323
176 86.705599952596486 1 43.352799976298243 4 1187.8674988376879
177 415.93877915683066 1 207.96938957841533 4 7010.3761321478632
178 270.4421250809271 1 135.22106254046355 4 2475.9160464447341
179 45.547068967497133 1 22.773534483748566 4 476.61162423879068
180 62.19809893398363 1 31.099049466991815 4 834.85925538735319
181 98.300137088677559 1 49.150068544338779 4 1283.4467881773016
182 366.19566588640259 1 183.0978329432013 4 4342.5031265608668
183 568.42856993146677 0 284.23163935656027 6 10854.594162015346
184 1038.8951859492261 1 519.44759297461303 4 6470.9536588234987
185 450.74393873128093 1 225.37196936564047 4 2816.3492482790534
186 298.02329849185259 1 149.01164924592629 4 3510.2202348948631
187 18.606483706100512 1 9.3032418530502561 4 131.47867082116863
188 55.317168147501917 1 27.658584073750959 4 541.45505479011626
189 912.37947209298147 1 456.18973604649074 4 15505.718198722723
190 359.74621674474878 1 179.87310837237439 4 2124.124368728033
191 170.3338498994722 1 85.166924949736099 4 2839.7874595519825
192 19.755839925014314 1 9.877919962507157 4 137.59068614013813
193 305.5660189352036 1 152.7830094676018 4 4570.2153617248405
194 49.379006550396646 1 24.689503275198323 4 558.89593166048871
195 102.76332628722237 1 51.381663143611185 4 775.16093300505599
196 62.274717197209377 1 31.137358598604688 4 974.65181111449238
197 91.171256233991087 1 45.585628116995544 4 1024.5500618060942
198 653.40815469874553 1 326.70407734937277 5 12433.027204314523
199 141.12350004327484 1 70.561750021637422 4 2457.8360698431497
200 93.689383373221204 1 46.844691686610602 4 994.19178908548201
201 65.036601651085789 1 32.518300825542894 4 955.95992631510308
202 94.668217282477826 1 47.334108641238913 4 1318.8941586662841
203 195.98653986215814 1 97.99326993107907 5 3895.2764760082937
204 798.86604421993718 1 399.43302210996859 5 14930.499533884111
205 866.58734949894858 1 433.29367474947429 5 20311.0803980317
206 205.19659602048526 1 102.59829801024263 4 2636.997576356458
207 84.003023876373305 1 42.001511938186653 4 1023.3469431808771
208 14.650312658343891 1 7.3251563291719455 4 91.945683789326722
209 258.60428307891397 1 129.30214153945698 4 3295.7207788567939
210 484.35959813410938 1 242.17979906705469 4 6841.3200952289772
211 687.49796600320906 1 343.74898300160453 4 8019.4311736876552
212 59.659378422441804 1 29.829689211220902 4 614.51578657791106
213 213.04731038351846 1 106.52365519175923 4 3206.4206508058051
214 37.118981032675379 1 18.559490516337689 4 491.41171284536404
215 326.55124207629638 1 163.27562103814819 4 5743.0624641877803
216 71.378800405772822 1 35.689400202886411 4 754.43744657404022
217 520.82926103514239 0 260.48643947519241 5 13783.861866420688
218 22.443559910492834 1 11.221779955246417 3 73.8462476428831
219 79.284981049988474 1 39.642490524994237 4 918.81439745446369
220 120.71196200768887 1 60.355981003844434 4 945.83329150403733
221 89.424324514025841 1 44.71216225701292 4 1273.9431260726415
222 105.04096056538496 1 52.520480282692482 4 1614.841806740631
223 82.979522207065727 1 41.489761103532864 4 1102.5045916013842
224 762.43618321078316 0 381.25009920075826 4 14178.15773895305
225 42.028769054651256 1 21.014384527325628 4 476.8267516162523
226 383.95081034873215 1 191.97540517436607 5 7359.2653801489796
227 144.34219108226478 1 72.171095541132388 4 1716.9223667707774
228 113.7047260636877 1 56.852363031843851 4 1765.3398712570342
229 14.611012331578999 1 7.3055061657894997 4 63.158560433859066
230 228.58287951938132 1 114.29143975969066 4 3716.6690645714261
231 18.342932628357453 1 9.1714663141787263 4 58.309382305467807
232 40.612712475400777 1 20.306356237700388 4 291.69464836321595
233 95.799245290604006 1 47.899622645302003 4 1056.6046436155593
234 460.39536623422833 1 230.19768311711417 4 4992.3191832476004
235 263.19405221361347 1 131.59702610680674 4 4459.8234911329346
236 66.512525361588558 1 33.256262680794279 4 662.93046255741501
237 24.016493491949138 1 12.008246745974569 4 85.472789367180667
238 387.35102954336264 1 193.67551477168132 4 6498.0923738906058
239 265.62660391939738 1 132.81330195969869 4 5782.9380839151272
240 44.853250106469815 1 22.426625053234908 4 225.76257063371622
241 40.557814029329123 1 20.278907014664561 4 304.11590802293358
242 97.225306440765223 1 48.612653220382612 4 1167.072591747954
243 141.92415866170791 1 70.962079330853953 4 2163.8550527873958
244 62.125093098358924 1 31.062546549179462 4 746.10985955555225
245 70.270895310035073 1 35.135447655017536 4 906.469636837086
246 154.69773553467186 1 77.348867767335932 4 1483.3288678063545
247 87.451182011448836 1 43.725591005724418 4 1348.0045565321052
248 700.93661036623701 1 350.4683051831185 4 9691.4887791977162
249 1007.3282451032999 1 503.66412255164994 4 23022.230590845676
250 501.38484620931183 1 250.69242310465592 5 10441.424792042875
251 509.79747015808397 1 254.89873507904198 4 7474.0985804755182
252 203.42415296168224 1 101.71207648084112 4 3351.3092148118885
253 57.899890495573764 1 28.949945247786882 4 423.81895293131674
254 22.914147448220739 1 11.457073724110369 4 180.2967629951454
255 24.811695351885447 1 12.405847675942724 4 156.12872800848328
256 31.005883342065658 1 15.502941671032829 4 297.1852175250242
257 126.49716923974924 1 63.24858461987462 4 1041.4409864103654
258 179.63327078312759 1 89.816635391563793 4 2636.0300335481297
259 35.596626521549041 1 17.79831326077452 4 269.36133989197992
260 193.73758458428611 1 96.868792292143056 4 1804.550147284348
261 96.962440745965026 1 48.481220372982513 4 545.77548412419947
262 75.494052149332234 1 37.747026074666117 4 506.21553582806655
263 206.12044870260573 1 103.06022435130286 4 3406.8656203002902
264 353.43043681650897 1 176.71521840825449 4 5916.5318785074633
265 57.049137751168104 1 28.524568875584052 4 673.53935679817369
266 39.398528167186633 1 19.699264083593317 4 427.11827364744204
267 345.34676131948049 1 172.67338065974025 4 3241.6483626433765
268 178.53137631609434 1 89.265688158047169 4 2883.2803062447201
269 351.06505215105744 1 175.53252607552872 5 9006.0942476660712
270 889.65545210196638 1 444.82772605098319 5 18143.065844716184
271 229.70008897609853 1 114.85004448804926 4 1527.4257218635466
272 69.718650523656905 1 34.859325261828452 4 737.97848791487195
273 37.882294250947737 1 18.941147125473869 4 342.31488959171111
274 358.7639894811789 1 179.38199474058945 5 7771.425954301696
275 103.2468165535731 1 51.623408276786549 4 1444.1702475356869
276 62.379243156916154 1 31.189621578458077 4 705.96527682954365
277 322.50361473183062 1 161.25180736591531 5 6518.6122494264273
278 58.159615052056282 1 29.079807526028141 4 913.4864362326116
279 238.0763536820545 1 119.03817684102725 4 4545.8529664809466
280 176.40660707808311 1 88.203303539041556 4 2925.8196192016767
281 64.754235098585838 1 32.377117549292919 4 533.33019034634162
282 120.58703204611039 1 60.293516023055197 4 1387.3831613050716
283 44.872405390714327 1 22.436202695357164 4 498.07350263673288
284 93.632834232726395 1 46.816417116363198 4 1845.2696527240332
285 84.573244963914178 1 42.286622481957089 4 1243.7283454762364
286 64.789139901125694 1 32.394569950562847 4 679.56233687404892
287 144.79938537825689 1 72.399692689128443 5 3336.6066198516928
288 357.93696637104449 1 178.96848318552225 4 2591.8691526246366
289 18.210258069577204 1 9.105129034788602 4 55.296372678805398
290 44.95790083914018 1 22.47895041957009 4 467.12748087296495
291 166.0114901791755 1 83.005745089587748 4 2804.4340821753431
292 360.81595738086162 1 180.40797869043081 4 5185.3312529384966
293 438.42045412930554 1 219.21022706465277 4 4876.0827793907156
294 186.77099692243786 1 93.38549846121893 4 1976.3832648297684
295 73.092567406124758 1 36.546283703062379 4 923.62465944592259
296 1067.6476031394907 1 533.82380156974534 5 15589.058172238321
297 669.87034280517332 1 334.93517140258666 4 10286.625972153241
298 128.9844701186243 1 64.492235059312151 4 1364.1604913214069
299 313.95289148460574 1 156.97644574230287 4 4444.2959123991714
300 192.04846863456382 1 96.024234317281909 4 1619.7100313618357
301 57.923549608623397 1 28.961774804311698 4 686.56106937232471
302 260.48796666466075 1 130.24398333233037 4 2969.5712639437697
303 229.88760278686928 1 114.94380139343464 4 3545.929512774368
304 292.18991379612055 1 146.09495689806027 4 4539.7075290769426
305 39.997661629963332 1 19.998830814981666 4 313.17110439975841
306 13.030584408417189 1 6.5152922042085946 4 69.903927153948814
307 493.65535329878253 1 246.82767664939126 4 7639.0994644206367
308 120.24511815711065 1 60.122559078555327 4 1056.5024163432463
309 55.795772600414004 1 27.897886300207002 4 274.34666975310029
310 91.554277688882735 1 45.777138844441367 4 858.22048870727303
311 135.79269839425729 1 67.896349197128643 4 3024.1274287605629
312 235.5171559425217 1 117.75857797126085 4 3354.4649522435357
313 669.48414309398277 1 334.74207154699138 5 15680.318012993332
314 166.30085068597438 1 83.150425342987191 4 3146.5302460658422
315 577.77543181927433 1 288.88771590963717 4 9741.7850824143788
316 33.305945839493297 1 16.652972919746649 4 174.71026713993979
317 1349.6044079281189 1 674.80220396405946 4 24124.653959551062
318 112.61868847714447 1 56.309344238572237 4 1966.2791269904847
319 218.38409268893471 0 109.31109681363937 3 3822.6045450297242
320 119.15008425885043 1 59.575042129425213 4 1414.3828148178218
321 340.56103334516752 1 170.28051667258376 5 8821.655564811459
322 615.16292624609775 1 307.58146312304888 5 13044.532893794123
323 116.40688373213578 1 58.203441866067891 4 1180.4139785671578
324 29.790098213319933 1 14.895049106659966 4 315.552300687973
325 130.84059732774477 1 65.420298663872387 4 1192.6037564623439
326 373.02364519612883 1 186.51182259806441 4 7508.126189382514
327 436.80307724589358 1 218.40153862294679 4 5991.5787293815083
328 350.05449507768634 1 175.02724753884317 4 3072.0045579430298
329 357.89741601150786 1 178.94870800575393 4 5335.4880202789791
330 50.317182008765108 1 25.158591004382554 4 164.45035094870218
331 14.281113420013769 1 7.1405567100068845 4 73.165497686796243
332 51.584346066409076 1 25.792173033204538 4 490.57421301639988
333 52.255887965681808 1 26.127943982840904 4 571.90283848461695
334 284.66403630767246 1 142.33201815383623 4 4680.5585962424229
335 52.851669887197232 1 26.425834943598616 4 584.4271094945052
336 253.33146319801111 1 126.66573159900555 4 4642.5262391980214
337 147.18140149629937 1 73.590700748149686 4 2478.3541947855847
338 54.498745477556028 1 27.249372738778014 4 315.97649670946885
339 308.88768890025756 1 154.44384445012878 5 6785.8133672545082
340 734.19657549958674 0 367.10255696205064 5 13491.426790513127
341 467.96205552821755 1 233.98102776410877 5 11859.404914258601
342 636.46952618323087 1 318.23476309161543 5 11215.499422063971
343 165.07411678575485 1 82.537058392877427 4 2254.0160928918049
344 54.61578404770578 1 27.30789202385289 4 515.4944535678369
345 139.5824189763679 1 69.791209488183952 4 1850.8462778646644
346 109.84038885301732 1 54.920194426508658 4 1637.6544720771635
347 672.61874500234694 0 336.33716231106405 5 10538.596576441196
348 19.504144322724901 1 9.7520721613624506 4 121.30697543671522
349 398.87426149335215 1 199.43713074667608 5 6187.2719186750764
350 655.21522648322889 1 327.60761324161444 5 15765.532822402602
351 113.62338362231381 1 56.811691811156905 6 2626.3415926743182
352 621.25654414667713 1 310.62827207333856 4 8214.1616263105243
353 103.06655847756329 1 51.533279238781645 4 829.64021017697223
354 42.746172459494183 1 21.373086229747091 4 308.31524901474768
355 50.597388986604415 1 25.298694493302207 4 335.56860965114174
356 96.52131210620594 1 48.26065605310297 4 879.80192291378626
357 219.11902367341148 1 109.55951183670574 4 2270.1694157268248
358 315.41370236786594 1 157.70685118393297 4 6160.6108438769152
359 287.00436883289308 1 143.50218441644654 4 4390.3918283888197
360 489.8376992178799 1 244.91884960893995 4 6519.6648022574955
361 446.29005695121771 1 223.14502847560885 5 10941.161949515779
362 163.77551279305939 1 81.887756396529696 3 1629.2587292130338
363 90.519969677615336 1 45.259984838807668 4 429.83664594385482
364 351.96834033050243 1 175.98417016525121 4 6488.8379200237105
365 175.63278919758565 1 87.816394598792826 4 3323.5217154914571
366 828.13141480684715 1 414.06570740342357 5 16544.96224517189
367 54.127493236242842 1 27.063746618121421 4 681.09225042146136
368 432.246080986886 1 216.123040493443 4 7422.7069169358583
369 1340.967955595997 0 670.48426192230693 5 12261.655484015842
370 91.619980785244451 1 45.809990392622225 4 1537.8447486558289
371 195.50371027716301 1 97.751855138581504 4 1621.7918081641728
372 110.9016548310821 1 55.450827415541049 4 1786.7011743226176
373 1126.7565125772621 1 563.37825628863106 5 16031.809438330965
374 79.856229289674445 1 39.928114644837223 4 409.8053952927512
375 794.00126423470476 1 397.00063211735238 4 5882.6177877648879
376 1209.9804459557004 1 604.99022297785018 5 20308.138841380562
377 24.748843707498594 1 12.374421853749297 4 160.31496204826362
378 825.20368253610638 0 412.60197267575973 5 20083.472627596624
379 108.39025520213262 1 54.195127601066311 4 2111.8839604510576
380 411.14212464602258 1 205.57106232301129 4 7061.4440223557576
381 44.811414575024038 1 22.405707287512019 4 460.01070425145008
382 266.27781796330333 1 133.13890898165167 4 3674.4712894503791
383 187.93715203910602 1 93.968576019553012 4 3013.6837789177298
384 55.958502862753996 1 27.979251431376998 4 624.86749992724435
385 121.30554107990514 1 60.65277053995257 4 682.31004709302624
386 116.87449299169246 1 58.437246495846232 4 2015.8151188961492
387 260.64718800667208 1 130.32359400333604 4 4287.3640077743294
388 52.184205076892987 1 26.092102538446493 4 452.5038500090086
389 1047.7424464622577 1 523.87122323112885 4 10251.405942561585
390 102.80176547737649 1 51.400882738688246 4 1763.140147046377
391 304.39220755288096 1 152.19610377644048 4 2055.7594732435537
392 46.419148517914721 1 23.20957425895736 4 450.9670452380451
393 193.94738857976617 1 96.973694289883085 4 2439.2747764115047
394 30.932261612701197 1 15.466130806350598 4 231.37575974021456
395 280.08477453321638 1 140.04238726660819 4 4192.176566037233
396 32.17329704332721 1 16.086648521663605 4 244.52303838610896
397 94.429876765210651 1 47.214938382605325 4 824.60969164629205
398 952.18457893694472 0 476.1663200029152 4 24094.404603327013
399 48.924410202203092 1 24.462205101101546 4 498.38620657447609
