0 -2550 0
1 -2125 -736.12159321677279
2 -2125 736.12159321677279
3 -1700 -1472.2431864335456
4 -1700 0
5 -1700 1472.2431864335456
6 -1275 -2208.3647796503183
7 -1275 -736.12159321677279
8 -1275 736.12159321677279
9 -1275 2208.3647796503183
10 -850 -1472.2431864335456
11 -850 0
12 -850 1472.2431864335456
13 -425 -2208.3647796503183
14 -425 -736.12159321677279
15 -425 736.12159321677279
16 -425 2208.3647796503183
17 0 -1472.2431864335456
18 0 0
19 0 1472.2431864335456
20 425 -2208.3647796503183
21 425 -736.12159321677279
22 425 736.12159321677279
23 425 2208.3647796503183
24 850 -1472.2431864335456
25 850 0
26 850 1472.2431864335456
27 1275 -2208.3647796503183
28 1275 -736.12159321677279
29 1275 736.12159321677279
30 1275 2208.3647796503183
31 1700 -1472.2431864335456
32 1700 0
33 1700 1472.2431864335456
34 2125 -736.12159321677279
35 2125 736.12159321677279
36 2550 0
