1 -2550 0
2 -2125 -736.12159321677279
3 -2125 736.12159321677279
4 -1700 -1472.2431864335456
5 -1700 0
6 -1700 1472.2431864335456
7 -1275 -2208.3647796503183
8 -1275 -736.12159321677279
9 -1275 736.12159321677279
10 -1275 2208.3647796503183
11 -850 -1472.2431864335456
12 -850 0
13 -850 1472.2431864335456
14 -425 -2208.3647796503183
15 -425 -736.12159321677279
16 -425 736.12159321677279
17 -425 2208.3647796503183
18 0 -1472.2431864335456
19 0 0
20 0 1472.2431864335456
21 425 -2208.3647796503183
22 425 -736.12159321677279
23 425 736.12159321677279
24 425 2208.3647796503183
25 850 -1472.2431864335456
26 850 0
27 850 1472.2431864335456
28 1275 -2208.3647796503183
29 1275 -736.12159321677279
30 1275 736.12159321677279
31 1275 2208.3647796503183
32 1700 -1472.2431864335456
33 1700 0
34 1700 1472.2431864335456
35 2125 -736.12159321677279
36 2125 736.12159321677279
37 2550 0
